7591005980839
7702047022078
7702425550469
7804636053651
4600682407478
4009175169730
7702433228138
8410412024006
7622210110251
7791540091889
7703616164861
3245590207003
8076800195057
7709990080476
7702433330565
7702402050173
7707365170517
7702084137605
7702059601445
7702626213606
7702049100668
7702535006764
7702085003152
7702312100012
7702532370912
7702010282652
7702001049899
7702047137505
7707036000778
7702213077512
7702001042005
9333527037817
7709990883176
7702425807242
7702433330213
7702168214000
7707300280028
7702406000143
7702129006712
7701101260852
7707363363157
7702425806559
7804313112411
7702020120180
7702129072571
7702007512557
7702406090496
7702166053342
7702535022511
7709990901184
7790314056598
7701101356098
7702166041097
7707361120042
7702152102627
7707361120233
7500435125932
7702001114849
2501076000003
3270190126744
7509552806489
8410406001235
7707272490180
7702010611940
7702020120319
7804320556000
9333527017222
7702085021149
7707248812763
7702090050646
7702047137864
7702026060619
7702024026785
7702001010455
7702277046097
7702870050019
7702037901253
7891024116128
2996155000003
7790240090154
7707363368503
7702538260330
7702035432339
7702004110282
5010314048907
7702037870306
8436011779116
7622210427106
7702020040068
7702014620214
7702210001039
852230003005
20725143
7707300280059
7702714600295
7702191161395
7702129045025
7702001116577
7702433289849
7709183593998
7707225600239
7702617022415
7703296000039
7501032928650
7702031376712
7613035202337
7707773834094
7702532894210
8410783311156
7702006300421
7702247012411
7702001113095
7702001086337
7702225000195
7702090029840
8432286001563
7702409007965
7790189000412
7702031010715
7703296000268
78084117
7702196600028
7709990368000
7701101233085
7622210407757
2503497000006
7702026143404
7896359022526
7702511000984
7702047039229
7702001072026
7702010310010
7702090025835
7591005981270
7702191661314
7702766099238
7702354932848
7702108200919
7702085013069
7804304000093
7702024040026
7707313090775
7591005993402
7702276002551
7702113023732
7702014702187
7702117110438
7702007032284
7702001121786
9333527145048
7702085013069
7804320560007
7702037873758
7702313825334
7702037800754
7509546067247
7702047001684
7702152007038
25293600898
7707294780085
7702137007183
7702903420208
7703517852362
7700604050458
7806810800457
7702011048042
7702312090047
8410111004460
8410111007119
9002490100070
7702026178734
7702191661307
7702129041140
7702007036923
7702137006803
7705890011541
7702535010341
7702090029567
84279993638
7702409010163
7702014597615
7707331406534
9333527107619
7702532313100
7702166048072
7707773835749
7701101260852
7707773834322
75025922
7702191657850
7702123003137
7702001082131
7703147190711
7707248812121
75027513
8410376017359
7703348901710
7702152037448
7702014963885
7707194530544
7702129075152
7702189047564
2502742000006
7709089888907
7707361120196
7702510051857
7702140071898
7702026177355
7702532610353
7702914114400
7701101247143
75062613
7702026202040
7702191661307
5997321750118
7702251043050
7705326079183
7702312280011
37000891291
7702189045782
7703517853383
7702020112055
7705890011268
7702026320096
7509546066189
7702535011706
7702354944919
7702129043045
7709990234077
7703616091402
7707248322903
7703616160917
9333527145048
95188995002
7702434201185
7792756200331
7702047137703
17500081026
7707246260351
7702090039801
7702085021538
7702626214566
7702247010240
7891051029828
7591005996489
7707248322408
7705326073891
7702889005192
7590011105106
7702090029857
7700024000651
6937266703793
7702001062218
7702001010288
7702189036186
7707361120035
7790314058806
4891228530129
40000464082
7622210108395
7702404005294
5900020028082
7702168141009
7702047137864
7702044242271
19161010902
8410971033785
7702025131693
7702007213874
7702425552197
7702045563726
7702247012428
7702045555813
4066600303336
7702402046442
7702004013675
7702993028933
7702222000334
7702129003025
7707240301685
7794450090089
7705890050021
9333527107619
7702098035553
8004690052044
7804636053668
7702433299176
6938294650950
7891150043237
43194944439
7702001044115
7702001101450
7804330321209
7702354110314
7702492000034
7702175158823
7707195934129
7702026060619
7702477112936
7702617021418
2502908000000
8425545174153
7702059601179
7804449114570
7798078236317
7702098026063
7702215305415
7702402049665
4005900036704
7702027044014
7709357224369
7702425802865
7702626205472
8410412505024
7804315010012
7702001101467
7730927020104
7793126000681
7709700965840
7702020212052
5010327405223
7706800847557
7702129044325
7709995000455
7806810800310
7702993029039
7622210429209
7622210744609
7750526000024
7702903004965
7702044243667
7702129030236
7891962047027
7702532312295
7791540091476
7702189109996
7707300530994
7702001012084
7702705022761
7702129041324
7702914114400
7702006300452
715126900201
7702025131884
7702027044014
7702001045051
7702570000314
7804315101567
5010327205182
7702433320276
5010327000046
7707248320640
7703517852362
7791728018318
7702024072195
7702420120902
7703133021173
7702001042753
20725297
7702025137770
5000281021621
7706808070506
190679000163
37000891291
7702189040565
7702026178833
7702129020589
7702085012055
7702433330305
7702129014557
7705326020666
7702433322652
7702014963953
7702090050646
7702409011153
7702001023516
2500459000005
7707313091062
7702049000548
7702535006856
7702085021538
7702090020854
7702247010141
7702001121748
7702001017348
7702024008118
25293001244
5000267014005
7702025126996
7702450011010
7702993022870
7500435020299
7702001047604
7705890020864
7707240301685
7702001018154
7702001100019
7702129018258
7702626171791
7702129043359
7702001015603
7702552010027
7804320746746
7702001041701
7702626214948
7509552836677
7707179310055
7705326075581
7702113031027
7702433260343
7702626166643
7702191161388
7702090029994
3262151059758
7702129045339
7702027445064
7898024395072
7702402046466
7804330003389
7702155044498
7702323128012
7702570000635
7702027436505
7702433293105
7702044204651
5760466761710
7702477422684
7701101244760
7702047137529
7700579054079
7702433298926
7702129045742
3073780460262
7702603071649
7702191660027
7702044242141
7702175111194
7707194532661
8423352800180
7702870104132
7591005005785
7702090027884
4009175169730
80432105528
2500323000001
7798104760328
4011800801816
7702129061179
7702047137468
20725006
7702088012021
9333527379696
7707331403632
8410441612007
7702026311179
7702031954507
7702430526633
7705326079084
7622210156228
7702129045315
8410376009415
8000350001186
7702298008210
7703616129143
7702993030073
7702215305415
7702177010266
7702993031865
7702007038439
42332886
2503195000001
7509552806441
7702310021838
7707294780085
7702020211017
7702433094139
7703386000048
80741251
7702020017824
7702398028750
7702129030243
7702417000019
7703616129549
7702011001719
7702001116102
7509552902747
7702432051508
7702026177119
7701101247136
7703147101403
7702090044270
7804315000396
7702090047035
7591005980853
7702377000104
7702006300483
7702090042740
7702870050040
2500506000002
7702402045902
3514123110173
7501056346188
7707773834346
7702037912792
7702323329020
8410412020688
7705890050021
7702914595292
7591005002241
8410342002013
7506306205031
7701018004556
40000015024
7702189033093
7702090042788
7702189053770
4894158003671
7702010881480
5000277002412
7702914116626
3035138005693
7501024583003
7591005992740
8410342004895
7702020112161
8410412028400
7702090023862
7702191001240
7790240072785
7702177015971
7707313090485
7702020101691
7806810240451
7702277154112
7502252481857
7702889002702
7791293030845
610395953401
7702001121762
7702398027623
7702049000920
8411650053216
7707362390093
7702174076746
7702166043084
7705326019295
7702354944797
7702117009459
7509552801323
7702175141214
7702158805867
7702020212687
7702402050265
7702049000531
7707179880114
7702436485439
5900020028082
7702705022761
7702129045735
7705326078261
7705326011770
7702010282706
7622210875068
7591005005075
7702059601254
7702535009987
7702256012518
7702001121762
7791293037158
7702084700267
7702277121497
7702155042050
7702746030190
2500373000006
7702116000297
25293600904
7705890090188
7790975001555
7702037567992
7702108207093
7702404005294
7702090029871
7702001018888
7702914158800
7707773830775
7702031967132
7804300136444
7702155044573
7702433281300
7804300120641
7707203590279
7702622628008
7804340909510
7700604050434
7702129006446
7622300986438
7501056344221
7702276001233
7702037870320
78924482
7702354943882
7702354929503
43194944378
7701101356944
7702001041725
7702047137505
7702155044252
7702085013021
7703348080088
7790580503109
7707061741851
7707179880114
7702001041749
7702700002645
7703616164014
7702354002923
7709990555196
7702433322539
7891010718381
7702006203845
7702177020357
29000016071
7702037871709
7702011001771
7707061710116
7702011028884
7702004110282
7702215305651
4037719065736
7702149093518
7702001041855
7622210110251
2500425000008
7702477707682
7702007009873
7707365170876
7703812013505
7702020011228
7702430941023
7702277155188
7702433322454
7702024014911
7891010974336
7702166057036
7804300123093
7702010382062
7506195171912
7707304420499
7702037873055
7702024015345
7591005677814
7891010974336
7702417002884
7702534300016
7502211161318
7702914594851
8410376042498
7702014626926
7702014597707
7702137007183
2996134000000
7702166004351
7702277126140
3043700103814
8410342004901
7509546077512
7702626217215
7707268420351
7705890040435
7702433291958
7702140074493
7702433327169
7702993015469
7702090044584
7702196900227
7702020011228
7707322030106
7702001041411
7702011274748
7702024014799
7506306226302
7702001050185
80480006341
7501032913199
7702277060840
606110365192
7702123011170
2500458000006
7703616132495
9333527017222
7703616276533
7703296000473
7702155044498
7896016111891
7501035042322
7702323200107
7707325840573
7702090028836
7702025189243
7702020011266
7701101356197
7702251018607
7702626214832
3514123105643
7702609005372
7705326074454
7702404005287
7891150017337
8411135350250
7702552000141
7702433330732
7702047039106
37000405603
7702354944520
2501043000005
7703616164885
7798039590342
7804300010638
7705326081599
7702626215334
4014807202044
7703305129690
5010314048907
20647230
7702090020939
764218651262
7702025100279
8410441211002
7702129073066
3514123105650
7702215305330
7702006299190
7702031882206
9333527279941
7501035908727
7702914595292
7702137631272
14979510637
7702705022181
7702177007341
8076802085981
7702433292825
7804300010645
7707177136169
7702085003428
7702277111658
7707225602042
7804320746104
7702001062591
7702189051615
7702010881213
7702420910015
7703348902885
7702025186457
7702026020163
7702001100989
9333527107626
7702175111170
7702433330459
7702166048003
7707066603710
7702532110280
9333527017222
7702044241700
7702024068310
7707036000785
7702277066514
7705326079152
5411681037004
7702277121596
7591083011098
7702129015219
7702402051088
7702210001206
7702432472129
7702535006856
7702024068839
7702031882206
7702085001769
7501035010192
7702047001516
43194160037
7891150017344
8413178315661
7702433290050
42332909
7702158805867
7707269601919
7702573995242
7702025136988
7702090029154
8413472059421
7702001055074
8004690051573
7702215305491
7701101244784
7622300436940
4011800801311
7709700965802
7804300124977
7702398027432
7703616128771
7702129015646
7702434214000
7703616163451
7702256012105
7707179880732
7702090028584
7709440338034
7701101244784
7702494300613
7891150055223
6412709021301
7703386000260
7704872005318
7702191162118
70847004707
7702167140089
4005686004157
7702137007640
7703386000710
7705326011770
7790189001129
7702433305037
7702129045759
8501110080446
7702137005479
7592707507010
7702097055712
2502311000000
7702047137666
7702433324595
7702167125086
7793126000599
7806810800440
42332947
7701101357200
7702277157168
7702425802872
2943829000005
7622210454676
7702010382024
7702168255102
7702001018888
7701101247198
7702626215334
7702626205472
7707225600147
7702026175009
7702047001851
7702140071898
7702402855013
7702129074353
2500247000002
7702626202785
7702402049030
7702001121625
7707300280042
7798057480090
7702425803992
7703812012287
2500662000007
7898292883523
7509546029139
7702152017013
7700604050434
7702001119844
7702310010436
7702001043064
7804340909534
7804315000235
7751171550056
7709990424249
7705890010476
7702014620214
7509546650623
7501054526131
7702222000372
7702011018045
79400052926
7509546074238
7705890010483
7706591100862
7702168114003
7703616273310
7702167125086
7702129030243
7702609005396
79200003364
7702129076616
7702617075985
7702098037083
7702177020258
7702113010787
7702129005609
7702037871365
7702006299084
7702617021432
7702425804746
7702090028836
7702011006929
7702133006647
7702007022735
7702570000598
7702026176969
7702626207858
8423352800180
7702298000207
7707203591870
7702535018651
7804315010005
7506306205079
7702914112567
7702045563344
7312040017683
7591005981515
41015414
7702191161463
7702097036889
7702024015345
7702277061205
7610400076869
7702312090139
7702026208431
7702433320221
7591005996489
7861002901831
7702622624031
7702433305075
7702014597417
7702535022535
7702026320157
7705326020918
7702026311131
7591675010508
7702011023346
8437012008113
8008698003688
7702377302802
7702045557671
7705890090126
7506306232976
7804414000167
7501032916176
7702024001362
20725365
2997868000007
7500435125932
7702113038521
70491807952
7702010660252
7707273450923
7702010280276
7702626204635
7509546076119
7702993028483
7703133088121
7702011272577
7702433328494
7702535014233
7702535018651
7702059602664
7709808970692
8412170022553
7702027440472
7702189045782
7707203359890
7702113023749
7703616127903
7702175130775
7702045402483
7702167125147
7702007049398
7703296000565
7709990234077
7702705022181
7702001117017
2501075000004
7702175156799
7702626104003
7790520984524
7702001081103
7702277111658
5000267014609
7707365170845
7703616166377
79400052919
7702011091130
727760501638
7702354940843
7702037869232
7509546074238
7707194534474
7702137006070
7707195247007
7702511000021
7702433330510
8410376037883
7709990234077
7702276001288
7702433298926
7791293022819
7703588001041
7506309864778
610395953401
7703588001560
7896016111891
7702354939625
7804300139230
7702026180256
7707361120233
7591005996939
7702090029543
7705326020437
7804321091906
7702025131884
7702573680124
8714800001793
7703517853413
7610700612828
8423339924014
7702215305514
7707349631010
7790975020358
7702090020489
7702277063056
7702277060840
7702090006698
7702047003466
7702626385013
7703616133010
7701018062693
7702129075152
7806810013093
8410412021463
7707172310007
7702090047042
7702010320200
7591005992559
764218651255
7709658467144
7702191162187
7862107783537
7702037857048
7702377013340
7702425803039
7702454001536
7702037874236
7702354941567
7702108207093
7702097031327
9333527279934
7702014626605
7702001045310
7702085002360
7701018062716
7702097036087
7702439007126
7702047001578
7703616164878
7702298008210
7506306243286
7702354932879
7790189001785
7703616162249
7702137631609
7703305129690
7705890021052
7702044165969
7702354026882
7702277109136
7702175130805
7702515000010
7702700002645
7702001115204
7702097039408
2502092000008
7702189051097
9333527017246
5760466738156
7702993022870
7707773830935
7702010660306
7702189017604
7705326053268
7500435125000
8424487400092
7702020116060
7703147351747
7707203593157
7702044230995
7702001114054
7703133071055
190679000194
7702024014911
7707270364339
75031060
7702559010136
7703147047176
7703616081168
7702011090645
7702006202930
7702117008193
7591005577626
7702432075344
7702044211086
7707192730328
7506306213920
7702705022013
7702191349472
7702090020489
8410412021470
7702129026307
7702433305082
7702001100101
7702133862793
3073780460262
7702129042147
7705890090164
8585002432315
7702910354220
7702044257244
7702004003645
7703616131634
2935096000000
7702433322614
7707172301227
7702104010147
7702090006698
7707300530413
7702007005592
7702168141009
7702007056273
7899026462571
7702047038406
7702004002860
34000003129
4005900036704
7591005001114
7702001115495
7702001119882
70662020036
7702020178402
7702045556858
7702024063971
7702129044301
7702432016965
7702532430746
7702354946067
7312040017683
7702085021668
7702323128029
7705326081513
7891150043237
7702129076616
7702097069436
7709183593974
7702059602374
7622210879547
3514123105667
7702001017317
7702109000334
7702001115495
7702045556803
2500437000003
7702045556810
8410412024860
7703812013611
7702532312714
7701101320105
3035130304107
7702031967132
7506306205048
7707192730069
7702001114047
7707238230188
7794450088390
7702137007169
7702914551403
7702354936716
7702313545331
80432400388
8712000033545
7702113038415
7702532312837
7501035010192
7702001045556
4005808612703
37000230687
7707066603697
2500367000005
7702007216127
7702037810050
7702059601445
7707179880558
7702024008217
8424487600188
7702129003612
7709990368031
7702113025064
7702059602107
7702354931032
5060108450515
7702001020355
7705326075505
7703616133010
5000291021925
7702044243803
7707313090164
7702993028261
7791293025803
7702137620313
7702433290845
7702354931704
7702298000993
7703616276441
7702001133628
2500302000008
7702047038901
7702417000392
8410013006142
7702004003799
7702020113052
7591005577718
7701101261088
7702018951185
7707180703006
8409730039632
7707300280059
7702313531334
7709990080476
7702256012303
7804340909039
606110365192
7703133072533
7702140023453
7702433299008
7896292300507
7622210603548
7707773834711
7702047028247
7702001043941
7861002901831
7702191162170
7702129043144
7702310042260
7705326079152
7804636053668
7702277046097
7702189033093
7798039590137
7702433298704
7707335280802
7702914221207
5010327325460
2502725000009
7705326020437
7709377767075
7702044243728
7501056342999
37000396864
7702020052016
7702433228138
8809033594324
7702001055074
7705326081827
7702433328524
7702024071617
7705890021090
7702454001536
7798057480106
7702085003206
9333527217660
7702276003350
7702377107001
7705326012395
7702090044584
7702354938338
7707351430267
7702129045766
7702129020589
721059707503
7702532110280
7702045563344
7702014601916
7702377001507
7702011070371
7702059503039
7702402045889
7703147005084
7804414006459
7702903407100
7702914221702
7702011076298
7702001116065
7702166004313
7891040112968
7702020120302
8007880211009
7891010821807
7707225600239
2500641000004
7702993025130
7702617021418
7804321091906
7702085013120
7702014626810
7792319656131
7702047137468
7501006740219
7702177020357
7707172301326
2503329000006
7703812014250
7702024074939
7702215305798
7702129043328
7703616273327
7702433229746
7702535011713
7703562108056
7702166004337
7703812012935
2501576000008
7702001040896
7501005117777
7702014500240
7702031313595
7702433322447
7702026179366
8410441211002
7702090043723
7896016604799
8410376033649
7703364000107
7702354929923
7591005677807
7707248322903
7702137003048
7709474710967
7702084700274
5011885008338
9333527379696
7702059602831
7703562102047
3500610034589
7702570000499
7798078230643
7703133021227
7709905548374
2951618000006
20725464
7702001053841
7702049101153
7702088163587
7702155015801
7702310048118
7804305001099
7702532380317
7702044242059
7702010660542
20725068
7702168213508
7312040017034
7702001044504
8412170025813
5760466738149
8076802085899
40000512776
5410316997980
7509546029153
7790975000190
7702113038385
7702001055050
8410376037821
7791293012087
7702129059169
80432400432
7702354941277
721059707503
7702189046680
7703386000703
29000016071
7702001100019
7804315001997
7702007043402
7702014502985
7702007055269
14979510941
7702433330596
7702626153797
7707363363157
7703963206917
7707225601908
7702433318525
7702313531334
5010314048907
7702413000013
7702090039986
7702044242530
7702007022711
5010327405223
7707316230710
7707233460092
7700579005620
7702155038503
7702001041855
7702097051325
7702454000287
5000299225028
7702535012857
7702085021194
7702626204734
7702020017824
4008455394114
7622210879547
7502211160779
77091925
7702137003574
7702175018011
7702277183174
7702011091116
7702026175375
7702037873987
7501009224020
7703616129570
7701018065823
7798051950032
7702044242486
7707225600512
7702129045780
7622210754288
7702402046923
7702109006107
25293001244
7702109007418
7707313090812
7705890030245
2502343000009
5010327404028
4037719657290
7702354939427
7702433322676
7702090025835
7702098030695
7703616128580
7591005001718
7804636053651
7500435125932
7702129043281
7702870050941
7702626214825
7702535021651
7702277112938
8410376037883
7702097055712
7702404000046
7702040047009
7702047137642
7707331403083
7702026177386
7702191658963
7703588001041
7702323128012
4600682409458
7707226571026
7702025100279
7702001041565
7705890020468
7702277126010
2500641000004
7702037567985
7702001055050
7702626204697
2502087000006
7702047039229
7702189040541
7806810006149
7703133071079
79200912338
2502076000000
7702044210683
7707331403083
7707773835763
7702354939748
7703305129690
7702001114856
7702001047154
3514123110173
5010677850209
7806810240451
7703562108049
2502313000008
7707875653227
7591005981874
7702001116560
7702137471281
7702137631609
764218608341
7702045562736
7591005993402
695521103011
7707313091130
7702006299145
7509552908701
7702914111300
7709538902789
7702121231020
25293600911
650240035401
7702298007961
7702001061402
7702090053852
7702213051512
7861002940106
7702177020463
7702129061087
6007715018546
7702047137567
7702993023662
7702914555708
7702026311155
7702174072878
7702432472129
7702535001646
7702433289795
7702189052841
7707061730411
8414219001000
7702018913664
7702010911545
7702510937137
757956009013
7790520984524
7702025142392
7702044211048
7702425803992
7702433314251
7703588000174
7702140023453
7705890020680
7703296000480
7702277145240
7709367544723
7804320561431
7701101261521
7705571141574
2503243000007
7702210001282
7701101247303
7702277126010
80741244
7702025140534
7707329920134
7702014525113
7702177014035
7705326018717
7707248320466
7705929100017
7701018004556
7702166035010
7702409012556
7790975191331
2500429000004
7702189042347
7702026333423
7702425802865
7702026200312
85000011416
78004498
7702535013045
7702027416743
7702993029978
7702189053787
7702027477119
7702313544334
7702129072458
7702011281180
7702059602312
7702116002376
7702277080343
7702024008019
7702085013076
7702191657850
7707172310007
7702354940799
7702090044287
7702026175320
7707246260382
7702113038330
7702532312967
7702377012657
7702011001719
7702123009924
4600682009450
7501032990039
7702155044573
7709990892321
7702166053175
2500221000004
7702047005330
8410113005267
8432286003710
7702020120326
7702433289740
7501035010109
7702020112017
7702149093518
7702059602831
39978004628
7705890020871
7703616273402
7702020052337
7703588001041
7702215305651
7702037871945
7702377002559
7702432005709
7791293037141
7702152007922
7702098201774
7750526000185
7701101244807
7703812010610
20247386
7703616079042
7702189051615
3514123105629
4008455394411
7807910026112
2500241000008
7707194530223
7707176356742
7709990082227
7804320365039
2503121000006
7707200710359
7700024000668
7702026310493
7702573991763
7702433290876
7891150019423
7705326077301
7702010282652
7702037874854
7702398028361
7702044239493
7702377000142
7702152002248
7702007056709
7703296000343
7707275650239
7591005993402
7502214739026
7500435129503
7613034258618
7891008210064
7702020120326
7702090020922
7702609001855
7702433298810
7702492000768
7702059601322
7891150017337
7703616093604
7702129045780
7702047137680
7702014627169
7702037871372
7702024048411
8437008383002
7807910024637
7702433318600
7702001106660
3514123105667
7804300011437
7591005980839
875754002316
7705326012395
2987148000001
7702001012084
80432402795
7702433324618
7702222000310
7707773835718
7702354943332
7790520985569
7702011271273
7702192422013
7703616081175
7702024045267
7709990303940
7703616133874
7707203593157
884394007674
7702714100061
7702044239493
8002235004091
7702323000066
7702045556629
7703616165912
7804320556000
7702215305576
7702001055050
7702417002051
7702570000826
7700618020638
7702433328500
7702004110572
7702191162170
2503195000001
7707304420604
7702001054107
7702166004344
7709087446444
7702433322638
7702626153803
7501032913199
7702425552197
7501056342999
7709131458416
7702538260330
7706477683564
7702177015971
7702705022013
7703812000390
7702277144304
7702098201774
7702026177386
7798159560089
7702532630207
7702129003407
8410412025720
7702045402445
7702404005270
7702432075344
7702310021302
7707179310116
7703133021173
7702090027938
7702191001004
7702177007341
7702830220049
7707289635024
7702011278043
7702020112161
7702059602664
7702004013675
7702014500240
7702044242493
7702001114849
20037147
7707248327717
7702090042788
7703616135816
7702129044394
7707361120066
7703616090719
7702049000906
7702914554701
7702137631272
7702354944919
7707272490050
7705326082077
7702001011452
7501057015427
7702140024306
3245414653085
7702047137727
7802180097251
7709183593905
7702541000183
7702406091127
7702011048158
7702433293105
7702626203645
7703616164892
7702020112017
7702001029747
7709990080483
7702137677164
34000002399
7702129035880
7702425800847
7702020052092
7702088142612
7702193100675
7702626204703
7703616164908
7707313090195
7707313090447
7702001048076
7702001043064
7703386000253
7702903411800
7701101261491
7702312090030
5000146060178
7702014618044
7702129061087
7702535001646
7702189045317
7702189025319
7702049001507
7701101261507
7702174061995
7506306237421
70847004707
7500435118293
7613034258618
8410406821000
7591005006287
2502599000006
7501032907280
8003535022778
3607343816991
7804380001038
7703963007002
7702152102627
7790189042238
2502742000006
7702085021538
8410376009415
7798074862077
7702006299763
7701101247273
7702766098064
7702535012079
7702026179335
7702097039767
7702192218050
7702354944902
20247386
7702044263276
7702193407187
7702129061094
7705326077387
7702323700201
7703616164021
7702090044294
7707194530995
7703562004181
7702001116096
7622210875068
7702001042708
7703616129570
7801222000235
7700872107434
7501056342999
7591005980839
7702014502985
4014807202044
7804414005858
2500230000002
7790240090154
7891024116128
7622300134099
7702870050064
7702152038957
31200261076
8690570528404
7798074862091
7702807482067
7702191000014
7702090039740
7702007049176
3012993046276
7702001046423
7703616273310
7702191661307
8410376037784
7899026462557
7707225600512
7702050018853
7702129043120
7702433330541
7707061730428
7702354931001
8410971140155
7709357224314
7702109007418
7702020040266
7702914551403
7702189052445
7702011271433
9333527334190
7707246260566
7702277144908
40000514206
7703812012454
7702312310015
7702404008080
7702354944780
7702535010341
7591005998308
7792319676337
20724979
7707363361542
7702433322485
7592707507010
7702037871259
7702085013427
7702044231008
7702174066938
7791293028774
7702552010027
7702020011037
20037116
4600682011477
7702538260217
7702049100651
7702047039410
7703517855417
7701101246276
7709990368055
8413178282789
4600682009450
190679000118
7700618020430
7503008669055
7702011271389
7702020107136
7703562109862
7703616282787
7506306205079
7702129072304
7702404006284
7702047137802
8002270446542
7702433305037
7896359022540
7702010611940
7702049101078
7702377005758
7702377303113
7702001113101
3514123110180
7509552914276
8712000010249
7702746030183
7702402050753
7702277066682
7806810006149
7702425524965
7791250001543
7702129020305
7704872005318
7702129061056
7702166055032
7705287002633
7702277502302
7702026020163
7702047137482
7806810815307
2500255000001
7702433314183
7703562108056
4002103257707
4066600303336
7702377012756
7798104760328
7506309837253
764218653150
7702001040896
7500435122016
7702433292818
2500459000005
7790240017045
7891024316207
7702914116565
7703176003501
7702010911651
2500429000004
7702001117536
9333527017246
7702298001266
7702318200167
7702010223600
7702049101153
781344012002
8033102690062
7702276003350
7702024064770
7702010881510
7702277081258
884394008039
7502211160762
7702004013668
2506682000003
61104410607
7702277112938
7702123009924
7702425679467
7707195241449
7702535016688
7702430941023
7702031579632
7591066712011
7702004003614
7702001041718
