7804350004625
7702532430968
7506309840581
7790240017052
7702117007875
7702001023509
7702298000207
7702161002000
7702310021852
47677472297
7702044242141
7703616128931
8410225542216
3500610006821
7804449114570
7806810015066
9333527145048
7506306237155
7702425802896
7702026200213
7790975020358
7702137005455
7702433330473
7707351430267
9333527037817
3073780902366
2501659000000
7702024066583
7703616129600
7702001049967
7804380001038
7702059602312
7707061710444
7790314058806
7506105604462
7702047137864
7707289635024
7702047137680
77091925
7702377013340
7707875653227
3492390013338
7702129003179
7702166041110
7707172300398
7509552818024
5011026105223
7702189040565
7702084700274
7591005001718
7705890021052
7702025131884
381519181672
7702409011498
7702024015345
8022840750084
7802180097275
8410537700724
2502347000005
7702609005488
7702609005129
7702354012427
7702152100234
7702506111961
7702129061094
7702129044592
7622210156211
7506195196984
5411681035000
7703812000031
7702014597417
7702098035539
7703133024242
7700604004109
7797906001035
7702191658963
7702120009576
7702133006647
7702037564618
7702085002346
7702001116072
7702129019309
7702433292818
7702417001306
7703616133461
8410412025720
7702477422639
2502087000006
7702047137543
7707300280110
7702007049398
7702001121786
7703616273310
7703616128740
7702020111003
7702532754804
7702377013098
7707066603574
7702090032048
7702113023763
7804300120641
7703616076676
7790975001555
7702191162118
7790520527172
7702085013496
2500255000001
7707172310007
7701101233368
7502211161295
7702026020163
7701101246900
7702247012411
7702231100018
7702417003447
7702155044320
7703517853086
8410412020374
7702177020012
4600682011477
7509546074405
7804324000141
7707358310463
7702914595292
5010327025148
7702425807242
7702001100095
7700604039194
7702420122029
7702425805354
7703517852362
8424659010166
7702090020489
7702433322461
7702432002500
7891150050730
7702020052344
7702129042178
841058004738
7703616128696
7703812003209
7702011063359
7703147052613
7804449006288
4000411016221
7891010974336
7709089888907
7705326077387
7702010881510
7702140051869
7702714100078
2500230000002
7702007205503
7702532840187
7707225601946
7702277066750
42213277
7702402049030
7804387001024
7702993030646
8423352800159
7703616164045
7702090022711
7702047022078
7501071901690
7702189045782
7703176909612
7702310020633
8076809529433
7702535019740
7702059503039
20724948
8002270021060
7707225600512
7506339394399
7701101240007
7702215306085
7804320985633
7705326077301
7702377002351
7502211161684
7702310018258
190679000194
7702137622829
7791540127175
7702626169965
381519181504
7703147502866
7804636053651
7702129072823
7707322030090
7798057480106
2502363000003
4600682407478
7702477422615
8410869451202
7705326078575
80432400388
7703616129624
7702189226150
7804300139698
7702433328456
7703386000826
8002270015991
7702626205427
7707335280871
7790036046327
2500312000005
7702430526633
7702024007203
7702889002702
4000446001735
7591005981027
7509546076645
7312040017683
7702534300016
7702433290364
7702001018888
8426322428933
7702044237628
7702014627138
7702166053052
7807910026112
7702189039507
8076802085899
37000762829
7702026170240
7702001101467
7702354934361
4009175169730
9333527021786
7591005001046
665106040208
7702024059653
8410971031828
7808725400166
7707183340055
7702037871341
7709817710869
2500323000001
7702014500240
7702506112258
7702085013076
7702027475849
7702430941023
5010327000046
2500239000003
7702433330664
7703963007927
7703348902878
8420342203013
7702532313100
7702354944193
7702020215978
7702090029871
7707203593157
7702129042161
7703812002059
7703518010051
7702425523524
7702049000920
7702090039740
7702113038415
3514123110173
7702175108408
7707194530247
7610400067416
7702354929923
7501032990022
7702535010327
7702276003350
7702402050081
7702137006551
7702433298469
7702037871709
7703133088121
7702433304993
8420197008085
7702121000732
7702559080726
75027513
7702807482012
7702097036087
7707361120080
7501008611135
5010327505213
7703147053696
7703517853734
7702037800815
7709990683059
7702532312738
7702532110204
7702090028836
7707773834711
7705326016485
7707066603451
7702215305385
7702425524828
7703562201153
7702014620214
7702129061179
7702088142612
7791293032375
7702298008210
7622210879547
7702277155188
7703111002699
7707237070044
7709131458492
7707176353161
4014807002651
7707773830577
4011800049010
7702020011310
7702006298902
7701018064000
7702014515015
7702133862809
7700604050434
7702310018241
7702004003614
7702538260330
7707363360163
7705326020499
8410406311006
7702166004177
764218651279
7702298000818
7891024064313
7702090020922
7700512500052
7702011083722
7702049101207
7798078230643
25293001701
7702155031931
7702152031637
7702277131113
7709377767037
7702191162033
7702059601254
7702166044081
4008455459615
8432286001563
7702175108064
7702001119882
7702535014233
7702158850423
7702020052337
7707237070037
7702024075967
7702037875554
7702011242570
7702011271310
3514123110180
7702129044318
7702434201185
7702001082131
7707172301227
7702129005159
7702129072342
7707248323665
2500394000009
7702312100012
7702570000598
7702433322591
4600682407096
7702769037480
7703348902885
7702532430746
7791250001673
7622300986438
7702477707682
7702420818182
7705326018694
7706482002985
2987120000005
7702433298742
34000002399
7702044263283
7702314700845
7702026175009
6937266703793
7703296000275
7702006201568
7701101261491
7804407001768
7702001053223
7705890090126
7702193502257
7702174077439
7702001119813
2500367000005
7702025113194
7702024076438
7702024047131
7702025101306
47400179240
7702004110244
80480006341
5000281051116
7702024004677
7705326078988
4044551045987
7702573270127
8412170014619
7702552010027
7707304420277
7707211631209
7702189040237
7705326018717
7702277111450
7702314114024
5411686700118
7709990261936
7709263021946
8076800195057
7506309806075
7702020112093
7702626103167
8007880211009
8424487400092
7702215305576
7702477422653
8809033596717
7591005677814
7702098035553
7702090042801
7707331406107
4894158003671
7702044210751
7790520985569
7808704700140
7702090047035
5060108450515
7702097032317
7702515000836
7707203590286
7702191658932
7702167135047
7702044243728
3035130304107
7702617021425
7702277155171
7700468001511
7707061740632
7702037875462
7591005005785
7702044242486
7702433314251
7702129045315
7702026143343
7702425806559
7702045555813
7702090026450
7702020119108
7702090044287
7703616273365
7702024040323
7701101260852
7707204780020
7702084137858
7702085012055
20196554
7702027429286
7702193407187
7702014500349
7702090042054
7500435110174
7792756200324
7702433299169
7703616166018
7702026300326
7702354944339
7702007045468
7707192730038
7804407002253
7791203001682
7709990424249
2500674000002
37000405603
884394007773
41015490
7702037566643
7702097069306
7702109011996
7702045562736
7702098007062
7707313090539
7702450022214
7506105606084
7702001045556
8410013999369
7705890020680
3258431000008
7702031579632
7703616131634
2500429000004
7502211161301
7702377303113
7702044211703
7702193149179
7701101356166
7891010654221
7509546073668
7702010611995
8712000030605
7700512233110
7702090041491
7702402049023
7702196900012
4037719065736
7709474710943
7702420406631
7702026208431
7703133086417
7702129003650
7702177020258
7702276001219
7702035432117
7622210653246
7501001170080
7702377005857
7705326019318
7700024000651
7702129006446
20725143
7702354944926
2502426000001
3500610062711
7591005995925
7702312110011
7702049000746
7702037873796
7702001044122
7702049101160
7702166051560
7709357224369
7702177019313
7791540127168
78084117
7702177020135
5010327907246
7798114480407
7702044210843
7702020107136
7702129005173
7702001041756
7702993029381
7705890040121
7702189033963
7702137622980
7702277157489
8413178317511
80432402795
7790975000190
7702001011315
9006900013974
7702025185368
7702011085443
7703963005206
7702014626711
7703616282817
7702535014240
7702010781117
7702532895330
7702011283634
7709445559113
7703812009652
7702024074939
7702049100620
7702914159500
7707194530544
7702088142605
7702129045049
7503008669000
7702705022761
7702090022728
7702001041558
7702020212052
7501032917951
7702097068156
7804449000583
7702090027884
7702417003584
8850367300044
7702011028884
8410412021487
7702129035279
7701101246894
7702914111300
7702097036681
7702014632057
7702090041606
7702047137826
7702084137520
7804300010638
4005686001095
7707269601292
7702047094716
7707363366998
7700618020430
5010327205199
7702535006856
7891024031384
3035130403107
25293600911
3492390013260
7702298004915
7702037870320
7702007042276
7702189053787
7702047003466
7702129044301
7702420060604
7591005994348
7702276001288
7702398027623
7509552911473
7702020112048
7702001047178
7702085012499
3500610005992
7790314056598
7702433330527
7702090030808
7702167125147
7702090041484
7705326053329
7706482002718
7703616129549
7804320746104
7798039590731
7702037810050
7702129015400
7702001018154
7702477422677
7702011070951
7703296000473
7702121000220
8411650053216
7702298008029
7702552000141
7502211160755
7702535011812
8888003071218
7702196600011
7702532370912
7702626216164
7707225600451
7702137007640
7702059601209
5000281004020
7705326079152
7702109006107
7703616164885
7703296000084
7702001041855
8004690051207
40000514510
7702113018929
7702215305651
7591005992740
7702903425159
7702129045759
7706591102170
7702090044584
7702432472129
7702011274649
7702090041927
7702433291255
7707203351412
7703147031281
4011800801519
7702439008147
9333527066619
7702425640788
7804315003335
9006900013981
7702700002645
7702129043045
7702433289795
7702104010406
7702027414756
7702903004910
7702129044455
7707061710116
7707289635017
7702155042043
7702129014557
7702129014021
7702025113132
7750168001694
7702129018401
7702870101322
7702024068624
7702037567916
7702132001346
7702090017144
7702026020156
7707178441408
7702090044294
7702354940966
7804300011437
7702189011251
7702010660603
7702026143411
8410406821000
7501049936945
7702251042510
7702026300906
7702189045751
7701101310021
7804300011512
7702001045204
7702155049196
7702001015603
7791728000726
9333527017246
7702425807563
7702011091116
7702047001769
8413202005018
8000500023976
7707361120196
2502346000006
7702010382079
7509546063706
8410013383014
7702535023198
7702158805867
7806810006149
7702129011044
7500435126533
31200220073
7703616162607
7707084500480
8712000010249
7702535010341
7509546077512
7702477422721
7702830220049
2906738000009
7705890030467
7702037800129
7702031900924
7702026177355
7702277121497
7622210108586
7702001121755
7750526000161
2503121000006
7702177010266
7702175130805
7702085014288
7702432002005
7501032916176
7702167140089
7506105606053
7702191000014
7702175156812
7706477682901
4002103248637
8023678162322
7702007056273
7709304189260
7702090023893
7806810240451
7702031563327
7750526000031
7707363368145
7702113023213
7702903004972
7702626204703
5000267014005
7804315000693
7861002901831
7702354939649
7509546063331
7701101247273
7702001086498
7804315001980
9333527279941
7702026175320
7702024059615
7622210603548
7509546045313
37000740643
7702402047302
7702573991824
7702354939656
7702090032789
7622300758936
7702251043050
7702044236591
7703812011402
7703616290621
7702215305606
7702354946142
7702020040105
7709332507654
7702129041171
7707350120121
7702404005065
7730927021293
7703616076683
7702024008118
7591057001025
7790189000412
8410591002338
7702166053359
2943840000008
8410342004901
7703133071031
7702045489835
7705890020468
764218651255
7702097031327
7702313624333
7804300123277
7702177019528
7709905548350
7702313545331
7702436487822
7702152007038
7702117006717
7798039590625
7702570000093
7702404001289
7702175018011
7702402051088
8809033594324
7702024015215
5011013100156
7466762939010
8426322425208
7591005992566
3245414653085
7502211161714
7891021002592
7702137007176
7709183593998
7702059601087
7702177010433
7702020052009
7702417002051
4011800043001
8002270226595
7702532371384
7702993028483
7702044211086
7804414000167
7702010282874
7622300986582
7702189011473
7700512230829
7804350000382
7591005001114
7702714600189
7707084500459
7709700965802
7708965796916
7702191162484
7790580504007
7705326081827
7702001133611
7702189040510
7702433328500
7702001062591
7702011270610
7702040127008
7709990303940
7702129060325
37000401520
7891150046481
7703616164113
8004400014416
7702037870863
4008455394114
70847004707
7703812009416
7509546068558
7501071901683
7702192000181
8410376009408
7702433327053
7702129072304
707273607256
7702098038325
7703364000619
3211209117964
7702011004451
7509552910957
650240004292
7702108200919
7707192730014
46500716935
3035138005655
7702155029938
7702425806528
7702137636888
7501438301897
38527590117
7702001086337
7702903004965
7703616161853
7707233460177
8410971412009
7702020120302
7702137006803
7702129075275
7622210874580
7702177014035
7702129075152
7702354939625
33844002619
7791293022567
7707773834698
7509546065823
5411916120839
7702006299381
7792319656131
7702097037565
5010677850209
7702168254402
610395953395
7793126000599
7707254790239
7707363363157
7702098038448
2506611000005
8004800004000
7702044242530
8410406321005
7702014601916
7703812000420
7702323128012
7702129030267
7703616164106
7703616166001
7702129074445
37000230335
7702024028987
4005900036711
7702011006929
20725051
7707269602169
7804315000280
7702129072564
7501233711938
7702175157673
7700604049346
7702191161463
7501032905002
7702506112227
7702004110251
8414219001000
2959293000007
7703616166322
7702433330480
7702175158823
7702084137537
7700872201200
7702196900180
82184090466
7702090029888
7702090042764
7702090048483
7707203351184
7702189109996
2500458000006
7702025189243
7702020040013
7702433298926
7804330005567
7702433327145
7702001121625
8410406111040
2503243000007
8410113005267
7702535012086
7702113006810
7707313091369
7702001044542
7702277154112
7798074862077
3012993046351
8425545117624
7702189051080
7702433290777
5411916120952
7702914221702
7702090048810
7702011092991
7702129020589
7702189052377
7702191661284
20725341
7702532313537
7808725402818
7701101270349
7702113031133
7702025131693
7702177009123
7701101356937
7702914594936
7700618020171
7707314340367
7702001117543
7702277144892
7703616076713
7705287002633
7798104769093
7702044210072
7702097067265
7702084127217
7702191663653
8004690051573
7702193102051
7707197722038
7702152009049
7804300139247
7702027041587
7702247010141
7804315120797
7701101261071
7506306237902
7702129025157
7502211162292
7703616128603
7702059601179
7709990118124
7705326082077
7702044259750
4001518900000
7702417000057
7502211161929
7703562102047
7707194537987
7707201151175
7700579054079
7709990901184
7700579165638
2501075000004
7702026178833
7702084700267
7702433321969
7506295388517
7804320706009
7702626203478
7702001119820
7702626153803
7703812013697
7702354012755
7702010921599
7702535015353
75063092
20725112
3607343816373
7702193102464
7702210001282
7702037857048
7702155038503
7806810800457
744607002318
7702914222020
7702511002391
650240007828
7702535014448
7702312555027
7509552914696
7702215305552
7702433299176
4067700015419
7702090020496
7707313090041
7702137006070
4011800801113
7703616081168
7702140023453
7702098026063
7703812002295
7702037567428
7707331402765
7705326082145
7702020112062
7702044242202
8410036001094
7506339323474
7702140074493
8410866430477
7506306213906
7702433328470
7702914114004
7707240301692
7702129020206
5000281036748
7702277066712
7702433322614
7798039590151
7707304420079
7707313090485
7702377000500
7702492000744
7501032900342
7591005996366
7702433330466
7702123008934
7702026179335
7702098013773
7702045556810
721059001311
7702222000334
7707176351716
5760466738156
7702001012022
39978004628
7702807482135
7502252481147
7702377001507
7702377001606
78600010
7701101247136
7703616078533
7702434701548
7702192418030
7702256011108
7703176003518
37000230687
7702059602374
7702001046416
7702113038613
5411916120891
2503497000006
7702027436253
8437009934272
7591005994638
7804315000235
7702001116065
7702420404972
2502017000007
7791293025537
7702006300452
7702433260343
7702129045742
7707066603758
7705326011770
7702044236362
7705326019301
7702044236980
7702047039076
4005800137679
34000110483
7591005992542
7705122001005
5010677713009
5010327404028
7506078947917
884394008039
7701101246276
7702870101636
7702014620412
190679000118
7707322030755
7707358310753
7702433322522
7702626214948
7702090032017
7709935980052
7702433298568
7702097037688
7702001072033
51135812327
7702129035293
7702193850068
8000350001186
7702026321475
12354071704
9002975307833
7791293012087
7891150017368
4008455394510
7804320365039
20725105
2500876000008
7591005994362
7702044242523
7891150050563
17500081507
9333527003003
7702433289740
7702026032036
764218608389
7702011272577
7591066712011
20725365
7707031080225
7707773830522
7702626213606
7707203351009
7702425803039
7702532312677
7590011105106
7702007031553
7702001116997
7702006201346
7702433324632
7591005981867
3514123105643
7703616129525
7702420406211
7702006300445
7702434030099
7703364000046
7801222000228
2500302000008
7702626202785
7707176356742
7702024045267
7899026462632
5010327325460
7702085013120
7702037800754
7701101261521
7709990892321
7702026178925
4891228530129
2502629000006
7701101280638
7702007002683
79400052919
20725426
7702603071663
34000312450
7702129061087
7896292300507
8411555060135
7702420120902
7702001042753
7501032905736
7702189045829
7702174075343
7707248320176
7702189033093
95188032400
7707195246475
7702137003574
7702001042722
7702433290753
7702277000990
3492390013413
7500435106382
5000267165806
7702010881497
7703616023632
20725358
7798090160232
7702196600028
7703296000626
7702276001257
7707225602042
7702049000906
7798081660406
7705287002626
80432400432
7703133072267
7806810815307
7702189041135
7707329920134
7702277045984
7703616076805
7702001011308
7702769029591
7707361120202
7702047129913
2997856000002
7702024068839
41015438
7702001116089
7703386000109
7591005994034
7702477422660
8410376042498
7702158805423
7702425803992
7702040047009
7702626202792
7702001100101
7591005993426
7701101357248
7702215305668
7591005574007
7707200719895
7706591101340
7707283720122
7702433330596
7506306205079
7702113023121
7707268420030
7702129043717
7891150055223
7703517855448
7702007055269
7702191657850
7702001062218
7702434080124
7702059601681
7702398001449
2501043000005
7702090025699
7702090033144
7804300010645
7702535012079
7703386000161
7707351430281
7702088132354
7702024068747
5000267102566
7701101356685
8690570538168
7702001045075
7702090040326
7701101356173
7591005997141
8002270136559
7702037912792
7702189051677
7702001055050
7702889005192
20725280
7702011028891
17500081255
7703616079042
7702535011805
7702191000908
7702189052797
7702047137505
7702037873062
5000299611401
7703616165004
7703147003691
7702045562705
2951611000003
7509546079080
7702140030246
7610700614815
7702433330497
7702434080025
7702425804722
7703616162867
7702993029039
7790240090154
7707313090768
7702425802872
7702001010288
7702402047043
7702113038507
7702158805850
7702247000333
7702014703726
7702011083708
7702001121748
8006030005925
7702059602183
8690570528404
7700512236098
7702059202024
7899026462557
7702026320744
7702024008064
7704872001044
77012159
7709086207749
2996134000000
7702026060619
7702993031872
7702215305330
7707194530209
7702090039733
7701018062716
7702993031292
7702047137628
7703296000343
40144979
7707363363881
7702037871358
7702026174767
7703616164465
7702705022778
7702433305129
7702090050646
75063115
7702026200152
2997868000007
7702097036650
7700096000023
7791540044502
7702168114003
7702370010025
30900007007
7702137007718
7701101261507
7441008171577
7702191001240
7702532312837
7702705022198
7806810003353
7702510937458
7703616128726
8420197008177
7705326081513
7702001086054
7702152100906
8437010799396
7702377000135
4009175169723
8410441612007
7702001043941
7622300222758
8411135350250
7707363361481
7702001081103
7702323128067
20725068
7702532110235
7702191661307
7702425804814
7702312200019
19161010902
7804320303178
7707268420054
7707066603598
7702168117004
7702914594462
7703588000174
7701101320105
7506306202849
2502384000006
7702622629159
7702059602107
7702026201944
7702011015914
7702001100026
7702570000826
7702177020166
7705326077837
7702191162170
7702433297073
7702166004351
7702085243480
7705326070340
5000281005034
7702137631609
7701101244791
7798039590342
7702166053151
7707316230406
7707313090867
7702256010101
7702044242103
7702026032302
7702310042260
7702622329127
7509546045344
7702129047302
7702433289801
7702225000195
7702045716535
7702037873567
7707203357452
7702166005006
7702047094679
7702001100057
7702026032876
7702047137468
7702007004540
7703616165110
7791293005010
7707279500172
7707773834346
7896292300545
7702140023545
7702191658901
7501024546190
7702189223968
7703562107844
78939448
2946813000005
7702354946302
7506306233324
7702129006712
7702149093532
722008000898
7509546063645
84279993638
7702006202886
7702434103052
7791540091889
7702310020596
7702174066938
7702090029826
7707177136169
2500425000008
7703616162881
7702117110438
7509552806489
7702409012648
77010599
7509546073828
7702020052351
42277064
884394007353
7703616282824
7804315010012
7703296000480
7702191000229
7702044210737
7702123008859
7702001100736
7705326077592
7702914112031
7709367544747
20725099
7702746120013
7702870052983
7702535015537
7702189000064
7702129010634
20725181
7702045489842
7702626214825
7702007054972
7702166004184
7702084550015
7702903001223
8410412024006
7702006299084
7702626166643
7702432016965
7702432075344
7702272000018
7702129073103
7703176003501
7703562004181
7709464191172
9333527190758
7702024045304
7702037912952
7701101247167
7702037873857
7702152031941
7702402046435
7792319676337
7702006300421
7500435125932
52100274621
7804414004400
7702626217536
7591005994621
4005900036759
7702026175757
7702404006048
7791250001529
7702298007961
7702152012018
7707203359890
7702222000037
7702011023346
7591005994645
855517006027
25293001244
7702044016520
7704872001662
7702044263276
7702001017317
7702045563283
7703147101403
7501005117777
8409730017302
7702535015346
7804300122874
7702510937021
7702191162163
7702014307573
7702037912259
7707331406572
7707361120226
7702433318525
7707036000778
7802180068169
7591005997042
7702433289948
7703616078656
7702001041411
7702001044115
7703616127873
7703616164908
7591005992559
7702626388038
34000003129
7702014597714
2500241000008
7702166006058
7804315002222
7804315003854
7702026310653
7861002900117
7702210001206
7702404005287
7707066603604
7709474710967
7702001072019
8002270176548
7707283722560
9333527334190
7703616076416
7804315002000
7702189000200
7702222000051
4014807202044
7702006299565
7702247010752
7702993028957
7702113038385
7702137624625
4011800801816
7703517855417
7701018002125
7702129072328
7702011002181
7702626205717
7702001116102
7702026202040
9333527115522
7707289635055
7702020052016
7702532630207
7702006203845
8410036002091
7701101261088
7702121001098
7707248327434
7701101356692
7707246260566
7702001046508
7702027470424
7501017005765
7702175141214
7702313825334
7702175111170
7896016604539
7702026062163
7703616165936
7705326071330
7702011091550
7702215305781
5244812
7702323128029
7702166048003
7702085003152
7702117160068
8413472059421
7702535018651
40000464082
7702354930998
8437008383002
7702354941277
7702010311628
7707225600376
7702129035859
3514123105650
7702432470064
7702129020152
7702001042791
7702189053107
7707269600233
7702026175375
7703812010139
7702097037121
7591005003392
7707294780085
7702090029512
7702191660010
7703812013543
2506683000002
7702001023523
884941001995
7702129043328
7708992479462
7702049001507
7702532312295
7702109000341
7707061711212
7702603071625
7707183340024
2506682000003
7702354946173
7702406091127
7702409009709
70491213227
41015445
7702037800853
7702044256476
7703616133010
8436011779116
7702617488099
7702011090980
5000299611104
7702137183610
7702155044573
7804414004417
7702433330602
7702026320157
7702026175061
7702037871433
7702020040082
7702175157253
3073780460262
650240035401
7702409011917
8023678161288
7702045563214
7751171550056
7702434101034
2503293000002
764218653150
7702433292870
9333527043344
7707272490104
7702129014175
7702011224293
7702354005894
7702175130775
7702020112055
7702044236249
7702049100668
7702189051530
7702001107742
7702040007003
7703296000497
7702001114849
7702129015646
7702535007914
7702433290678
7702026177904
9333527144881
7702215305491
7702137471281
7702001041725
7707172300015
7709990555141
7702433330695
5701598038264
7702047039014
7591005002234
7702014639650
7707066603710
7702045556711
7702044236997
2500459000005
50196388
7702090020939
7702700003123
11111124127
7702010380747
7702189019202
7702129077170
7702129059114
