5411916120655
7702001012053
7709263021946
7702129045766
7702010112003
7703616127873
7702535020371
7702037567992
7702177010440
7702088202187
7754487001762
9333527038210
7702993025130
7702433305112
7702430941153
7702090041910
34000130030
7702398026992
7702049000531
7591005992573
764218653150
7702532380317
7706477683564
7702001041565
7501031304004
7791293022819
7702626202785
7702020011228
7702026333324
7702001133611
7702166051577
7705890050021
7703133071031
7702535015537
2503196000000
8000380005925
7702432472129
7702020120180
7702769037480
7702088132354
7702417003331
7707316230581
7702129006149
7705929100024
7702222000037
7702889000746
7709700965840
7702011048172
7704872004779
7702011022608
7794640172229
7702121214160
7702037871891
7891150044616
7702024194347
7709458145853
7702045563214
7592707507010
7703616133478
7501035013230
7509552910957
7702090039740
7707304420659
7702024053224
7702192422051
7702215305385
7702007030143
7702045563344
7702026176907
7804320706009
7702313545331
7802180088853
7702166004351
7702007058994
7702354943820
7502211161707
7509546066776
7702404005287
7791250001697
7591005997035
7804449006288
7591005005495
7702166053311
7702129005609
7591005981515
7707363368145
7804324001018
7702515000249
7702025131211
7702168141009
7702189051615
7702747000420
5010327325460
7702425804012
7702312280011
7702769037480
3500610034589
7702617487375
2502092000008
7702298000207
7703517852362
7750765002230
7501438326074
4005900036643
7702168254402
7702310021340
7702323200114
7798081660406
3492390013277
7702746010253
7804315010005
7705326076595
7702097069436
7500435019811
8076800195132
7702626385013
7707237070044
7806810015066
17500081026
7703562107721
7702010911651
7705122002361
2502620000005
7702037874229
7702559010136
715126900201
7702032252428
7702166043084
7702177010433
7707335287207
8432286003413
7702090006544
7702626201993
7702001020072
7702001047406
7702189001245
606110287760
7702044210737
7709990080490
8076809529433
7702010611940
7702903421601
7703812013901
7702433290517
7702189019264
7702404005041
650240007828
7702433330275
7703616273365
7702402050180
7703562109862
2500333000008
7702044242233
7891010974336
7702020052016
7702914594462
20725051
7702044236591
7703812002059
7702129075107
7702097037121
7702026178901
2997868000007
7702121231020
7702044231008
7702109000334
7702026175580
7702420405306
7707313091369
7703588000174
7702049101153
2506386000002
9333527217660
7707322030762
7708965796930
7702028000330
8437010799396
75024956
7791293025919
7701018065083
7702450022214
2996134000000
7702050013339
7702189052841
7708924250909
8001110016648
7702129014168
7702129015455
7702026174767
25293001695
80432106037
7702769036216
7702129059114
8410342004888
7702310048118
7707273450138
7702215305798
7702129014021
7707773834452
7702129041324
7702090029741
7703819334191
7702001017348
7702377303571
7703111002545
7702130613046
8437008383019
7702425543690
7702191162033
7702024015345
7891010654221
7702007212402
7707036000044
7700618020430
7702024051350
7702035430090
7702166004009
7703517853383
8425545117624
2987120000005
7702011081216
7702010881213
7702492000768
7754487001762
7702552400125
7707335280871
7707200719321
7707268420078
7702014611519
7622210407757
7702158850423
7702213061313
7703616133874
7702049001644
7702137421293
7702113023770
7707362390086
7702298001105
7702045562729
8410702004558
82184038727
7702098013773
7702090039986
7702434204124
21000658978
7501056342999
7702215305859
7702433298926
7702049001514
7703616023632
7702129020756
7707038112530
7702213077512
7702097038807
7702314700845
7702085003176
7702037564618
7702098022669
7700618020638
7709990026542
7702189109996
7702700002645
7702129073325
7804320746555
7702001043934
7702535015544
7702215305781
7702354934361
7702024075363
8420342203013
7702705022020
8410412024860
7702018874729
7702433290678
7702433328470
7501032928650
7702011070951
7702117011360
7703348902854
7702404005270
7702057105228
7701101356920
7702354944780
7702090041316
7702215305699
7610700614815
7702354943820
7705929100093
7702026175399
7791540091889
7705929100017
7702129077170
7705890011268
7702433298476
7702049000517
7702155021451
7702993029039
7702433330473
7702417000361
7702001028177
7702026176884
7702097032829
7703386000260
7702007205503
7703616164113
7707066603819
7709536475964
7702433330480
7702011002181
7702090039269
7702011271273
7703616164489
7702026200855
39978004628
7707200710342
7702436487822
8409730017302
7705326082077
7591005994621
79400301161
7702090042788
7703147190711
7702025142392
7791540126222
7702037871945
7702155044320
7702121214160
6937266701478
7702027436505
7702090049121
7702129043045
7701101357255
37000018704
7702433328517
7707322030472
3073780902366
7707211632152
7702001086337
7702175158823
7702011001764
7702570000598
7702050018853
7702433304993
7702402050173
7702910354220
7891150050563
7702027440472
7509546061832
7622210744609
8717200007013
884394007353
7702354945398
7702001121762
7702059602664
8412048912078
7500435118293
7702024071563
25293001251
7702007042702
7702024025030
42332886
7702298001259
7709377767068
7703562004181
7707179880558
7702010280276
7702193102051
7622300986179
7707248812763
7702433320221
7702425679467
7709990368031
7702189026095
7709183593974
7703588001041
7798039590151
7702001072019
7706667007118
7501006721317
5011885010478
7709990496857
7702870100776
7702001050185
7702914112031
7702020112062
7702433330466
7702025140534
7701101356142
7805000312275
7702535011829
7702433305037
7702277121497
7702425543690
7709474710943
7591083017793
7702215305484
7702746030183
7702155048731
7702024034186
884394007674
7703616161846
7700512230829
8410971031903
7702434204124
7702129076616
7702049000906
7702085013052
7702276001219
7702477422905
7502211160762
7702532720359
37000230328
8410412020374
3614224050375
7702010911620
78600010
7702010611278
7622300436940
7707270364339
7804414001539
7702433322584
7702007058994
7702626104003
8410036001094
7702006201568
7702085013496
7702004013484
95188012402
7707203351009
7702014640250
7702477422660
7702404006031
7702277153160
7702032252428
7702492000768
7707248320633
7702430941023
7791250001697
7702090042764
7702037566650
7701101244852
7707233460054
7709972878886
7702059601322
7702434102048
7701101240403
7702090022766
7702215305675
7702914159302
8436011779284
7501839105247
7702626217215
7705890030467
7702541000183
7702626104003
80135463
7705890090188
7702511000984
7703812013543
7702001121748
8410376037784
7702189050168
2946813000005
7702807482012
77091925
8413178317511
9333527113900
7702014618044
7702004110244
7703517852768
8437009934272
7703616076683
7702040127008
7703386000710
7702191000540
7702031599036
2943856000009
7703616133157
7702090006698
80432402931
4001518900000
7705326019318
7702609001855
7804330005567
7702189049124
7591066722027
7702222000327
7591005003392
7707194530018
8410412021494
7702746030152
7702020040082
8007880228304
7703616166537
7702129042161
7702191662892
7702026200855
7702433299008
7707248320800
7702313825334
7702191349472
8076802085899
7702433228138
7701101356173
7702310042260
7704872001044
7703616077123
7702011076236
7804320303178
7702026300906
8424659010166
7702914112529
9006900202996
7707322030090
7702113018929
7702889002702
7703616078533
7702175108385
7702129075107
7702231000028
7702045562712
7702191000885
7702007042276
2502297000001
7804300139247
7702177020159
7702001015603
7702137622942
7702020107266
7707179311304
7702090029154
7702191162187
7709990883176
7702001047178
7702025133123
7804300010744
7702007056297
7750168000697
7702026032302
8850367300044
17500081255
2500506000002
7702090020489
7509546063331
7702004003614
7703562107721
7702298000207
7702155044252
7709474710967
7702044243803
7702004013514
7707203592914
7702193154005
7702166007307
7709905548374
7804300010638
8023678162346
7702434080124
7702167140089
7702354944896
7707313091062
7702049001644
7702020107266
7790314056598
7891150008953
7702354939748
7703616164151
7702191162163
7702049000494
7613035202337
7707335280819
7501017004409
7594003620059
7702377013241
7702313552339
7702535011706
7702014618044
7750526000031
7702090029840
7702001119882
34000003662
7702354016234
7702398002156
7702434214000
7702433290784
7703812010610
7703812010115
7703963005206
7591005006270
7707179880459
2500676000000
7702129045346
7792756200324
7707331406602
7702025137770
7804636053668
5000281055084
7707203357452
51135812327
7707195241449
7702166006119
7702026300906
7501024583003
8423352800173
7703517855448
7702090029741
7702560035067
7702018913664
7702323128050
7702001061402
7702626216140
79400052926
4008455424019
7702603014035
8410113003027
78909434
7702603071083
7622210801173
7702433305099
7701101320105
7707331404080
17500081026
7702045556773
7891024183090
7702354944902
7700512231338
7702049100576
7703616164137
7798074860325
7702425548466
7798039590625
7702573680124
4002103248637
7707206421457
7702191348734
7702377000500
7509552888362
7703616128924
7702098201774
7702026333324
7702166006058
7702425679467
7703616081175
6938294650950
7702535014448
7702090047066
7500435020091
7702425802865
7702001054121
7703819335310
7702323128043
8000350001148
84279993638
33844002619
2951617000007
7702026177904
7702129077279
4067700015419
7702047039106
7591005994034
7702193100927
7702018913978
7702168240405
7702477422660
7705326022394
7707194534160
2500876000008
7702215305583
7702189042347
7702020116060
7702409012297
7702025126996
7702113023770
7702433274333
7702425804012
2501661000005
7702024045328
7707248320046
7707316230529
7702129041522
7702277046103
7591005981201
7702037567923
7702354944797
7702402045902
7702121001333
7702158805867
7709990251807
7804350000382
7702027429286
7702007049398
7702044242523
7702001049967
4067700015419
7702001053223
7702256012303
7702510937021
7707248320053
7702014623437
7702024067818
7702168214000
7702433327213
3263286301323
76808007343
7702020120180
9333527017246
7702298000818
5410228144755
20196554
7702213060316
2406806000004
8410095008423
7707225600512
7896016604799
2500220000005
7707773834650
7702090030730
7702168268508
4014807364025
3245990250203
7702037873857
7702010282874
7591005996045
7702117006717
7709367544723
7702011003140
7702152009049
700083726469
7702047001578
7702626204673
7701018067018
7702090032789
8410376036169
8712000033545
7702024007463
7707225600512
7804305002133
7702189053848
7702377012930
8437003969744
7702433322669
4037719066009
5000299225028
2935034000000
7707363361481
7703616160894
2503508000001
7702057081027
7702432016002
7702515000409
7707331406107
7703812002295
7703616128931
7702310021852
7702439007126
7702193505258
7702377006366
7804315001980
7703562004167
7702007056273
7891024316207
7702026179366
7591005002241
33844002619
8436011770519
7702515000836
7707773834322
2503080000000
8412170013551
7702001081103
7700579165447
7702084700267
7501032990022
7702044242271
7703616129129
7702433281058
7702914159401
7702532313537
7622210754288
7802180097282
7702417000200
7701101356166
7702014632057
7502211161929
7702059601308
7790975001555
37000230328
7702177020326
7702050018853
7701101247648
7702168117400
7702006013024
3500610062711
7702001042708
7702433298445
7702001046515
2996155000003
7702047039083
7501032938215
7702085013120
12354071704
7622300986421
7702158805867
7703517853703
7702113036107
7702559010136
7702377012305
7702020112093
7702168255102
7702090048810
7702409012556
7702025136988
7702433290753
37000405603
7591005001114
7702420999997
7707179880558
7702044204651
2503121000006
7702377107001
7705890020871
7702535009987
7591005981935
7702090039740
7702001042791
7702011091130
7702113010787
7702889005192
7702189051677
7702020052009
7702137636901
7804315000600
7703147351747
37000208266
7707773834728
7701018066066
7702189040541
7702001044160
7702025136988
190679000163
7703176003518
2500317000000
7807910026112
7702098035577
7702001119837
7709304189208
7702024869856
8076800195033
7702026311148
7791540090578
7509552902747
7702044165969
7702045489842
7707203592914
8410376040616
7702432016965
7700618020638
7702044242479
37000425489
7702047039014
7702166055032
7501032907280
8437003969744
7702047039229
7506339390216
7703812014182
7702027041914
3492390013413
7702007056792
7703616160917
38000846731
7707238230164
7707233460092
7702354943882
8076800195057
7707335280871
7702045563290
7702166051560
7703517853413
7702166006119
37000762829
7702993029978
7702047001516
7702129018258
7702010311628
7702417001306
7702993028933
715126000116
2997856000002
7705326075505
7506105604431
7702993029381
7702175111262
7702398028750
8436011770519
7707226572009
8850367300013
7702129010634
40000514251
7793126000674
7750526000024
7709791481137
7702189047564
7610700612828
4001518450017
7702433320221
7702189011473
7702434103052
8809033596717
7702222000310
7502211160786
7501032916176
7702277155171
7702001055067
7702312090030
7702402050173
7702037800853
7703616165912
7806810006149
7702175104042
7702116002376
7804414000167
7702027445064
7501017004386
7702010660627
7702098007062
2500249000000
7702433291927
7506306213906
7702766099238
7702001121748
7702085013021
7702090022797
2500225000000
7707195934112
7703812003209
7702026310493
7707066603697
7501017006038
7709990683059
7702166053311
7705326082152
7702573991824
7702020120296
7707365170685
7705890020680
8413178282789
7702001018888
7702626153797
7702001122011
7703133072281
7804350000382
2500221000004
7702191658963
884941002121
7702166053175
3500610093708
7702001119820
7702129072878
7702014307573
7702020120210
7702001025015
7702011091116
8410376037685
7790520552006
9333527144881
37000396864
7793126000674
7703812009409
7702001121625
7891010501105
7702511000021
7707031080225
7622210156228
7791728000726
7700579165638
7891024316207
7703812009270
7704722000012
7702044239509
4008455394114
7506306205079
7590011105106
7701101246900
7798039590724
7702158806031
7804320656243
8410342004895
4008455394015
7702120003352
7702129003407
7509552914276
7703616164908
5410126006339
7702175158656
7702020120203
7702477707682
7702001040896
7702277066750
7702152007038
7702031967064
7702001072033
7702433290067
7793253471705
7702049101160
5010327000039
7702626168203
7702152002248
7501009222767
2996170000002
7703517853024
7703296000107
7702001047154
7707233460115
7502211160144
7804320985633
7702417000385
7702914165006
7700512230324
7705326079442
7702085013069
7702011020352
9002490100070
7702432010505
7703812013697
7702044243728
7500435116091
7702272000063
7702168255102
5000281004020
7703133071031
2500230000002
7899026462632
7702001043941
7705890021137
7702166005051
7702129041034
7702603071656
7702193151097
80432400432
7702141003997
7707238230171
7707773834339
7702059601315
7702175111248
7790189000412
7702090030839
7702129072878
7702007046144
7702420405306
7703616166384
7509546079080
20725228
7707268420160
7702277144939
7702489000368
7702049000920
7707203590279
7702532430784
8717200003671
7702535011805
7701018005058
7702090031942
7702175111248
7702168114409
7702215305613
7591005003392
7702024008255
7702010281327
2500225000000
5997321750118
7702037871303
7707875653227
7707248322408
7501024546190
7702433330480
7702020120302
7702010130632
7707225411859
7500435125000
7707268420276
5000267102566
7707195241418
7798051950032
7702024071617
37000405603
7702025138456
7702769036216
7501071901683
7702377000135
7501005117777
7506306210905
7702354929923
7702277155171
7702001029716
20725051
70491212824
4005686003198
7702085021538
7702914595285
2902480000007
7709990080452
7794450088390
7707312650208
7703616129013
7702166004344
7703588001560
7702014307573
7798074860240
7702354934293
7702014626926
7709990722352
7798039590731
7702417003591
7702025131389
8076809529419
7703616133010
2500394000009
7702001122028
7702047137789
7702700003123
7702010282874
2500221000004
7707179880107
2502620000005
7702277502302
7702044243728
7702535012079
7702191162163
7702155016457
7804315000396
7702914159302
7804340909510
51135812327
2502603000008
7706477683571
7703133024228
7702044239509
4002103257707
7707300280110
7702044242530
70942003322
7702020112048
7591675010508
7702189050182
7701101356692
2500225000000
7702025131884
7704872001044
7705890040121
7707195932439
7702425523524
7703616160900
7702492000034
7702085012123
7702020178402
7702020017831
7702026200152
7804321028346
7702020117012
7702020040068
7702130613046
7702993029978
7702001027576
3500610093708
7702129073066
7702028000361
20725358
7702001114054
7702189042361
7702020112123
7702534200019
7702001046508
7707322030489
7703812000437
7702007046144
7702515000430
7702026180256
7702276001219
7702027043512
7705326020666
7702434101034
7707294780184
7702026175061
2502437000007
7707773830577
7790189042894
7706800923183
7702129020589
7702026020606
7702166060012
7702506112227
7702085003398
7702168219005
42000198
7591005545038
7702535023204
7705326075581
7707773835268
7702626207865
8413178315661
20725037
3211209117964
7707313091062
7702409011498
7891010038908
7702085012215
884394008039
7702433314237
7700604042842
7702025121700
7702010310010
7702031918875
7702113006810
7707316230338
7707179880060
8712000017941
7702191000885
7891010952976
7702377000500
7702037913386
7702515000409
7709536475964
7702174066938
7804300120603
7703133081054
25293001251
7702059601711
7702129044592
7702417003584
7702149093532
7707066603604
7700604049704
7702251052151
7707225600451
75062613
7707200710656
8410376009408
7700579054079
7702277066682
80135463
7702535012086
37000982166
7702024075943
7702024046554
7702532371384
7707773834728
7702166007314
7702129014557
7804313112329
7702044246828
8410342004901
7701101310021
5410126006339
7702090037739
7702253800002
7703812014182
7705571141574
7702247010141
7703517855455
7702001119813
70942003322
7702024045267
7501032990022
4891228530129
7702090039269
7702433291927
2502642000007
7703616129495
7702313946336
7707200710656
8410376037883
7702433324625
7702001016068
3043700103814
7702001115495
7702011271433
7702769029591
7702191663653
2997822000005
2502402000001
7707365170548
7702090041460
7707316230260
7791293030845
7702059601254
7705890020871
7501071901690
7707294780030
7509552914429
7702515000249
7701101244784
7702010311468
7702044242523
7702477422660
8410406001235
7702047038901
8410261151106
7707240301692
80432105528
7702870102152
7702010611940
7702189042316
7707203351184
7702117110438
7702037872065
7702137630206
3514123105667
7702189046437
8410023023719
7707365170173
4005900036759
7703562107851
7790189001785
7702535009994
7500435113441
11111124127
7702168117400
7591005981201
7709990080445
7804636053651
7708951575037
7704872005615
7702312280356
7591005998544
7804315030027
7891010718381
7702535007914
7702006299190
7702277126164
7707254792011
7591005545038
7509552916089
7702045555813
7804305002010
2503218000001
7702129072250
7791293022567
7702059602312
7702010660306
7702167140089
7702175157260
8414716000957
7707248322408
7702215305330
7702047038406
7703386000581
7702007002683
7702044236225
7804320301174
7707246260382
7798039590724
7702914551403
7702177019313
7702014626810
7702535013830
7501032928650
7702026326432
7702001086498
7791728001075
7702037873109
7703386000901
7707203351009
79400300546
7702024194347
2500317000000
7702535023761
7702215305514
7702014597714
20725198
7702026333423
7804321028667
7501032910419
7702433298551
7702626153797
8002270226595
7502211160779
8410406111040
7502211161295
7702622329127
7702193801459
7702011091550
7702215305828
7702088132057
7702174061995
7591005998544
7702037874625
606110287777
7705326079343
7707237070044
7705326011770
7703812000420
7707363361481
7702020212687
7702746066342
7702129043052
7702045563290
7702626214801
7703812003209
7702191161388
7702914222020
7701101357200
7500435114783
7702024008019
7702123011170
7707183340055
7891024316207
7702277112938
7702535009987
2500367000005
7702312200019
7891010014810
80480006341
7702020212304
7702189047564
7703616166377
7702155042043
7702001042739
8410591002338
7702001042708
7702031376712
7703616166384
29000072121
8410412047364
7702037800815
7703517852768
7707172300398
7702425802872
7622210801173
7707254790239
7707225601946
7702037912792
20725013
7702090042801
2501622000006
9322214008988
7702430526633
7702024046479
3500610006821
8410406621006
7804300010508
7702006299855
7702434080025
4008455394411
7703812010139
7798078230643
7707195934129
7702215305361
7790189041910
7702026176969
7702277076834
2502629000006
7705326081513
7702870050040
7702247011056
4005808377534
7702277066514
7702085002346
813805002298
7702535011867
7702312280356
7804300136475
7702314114093
7702057081553
8690570528404
7702010382079
7702047094631
7705326016485
7791540044519
7702477112936
7702766097937
7702025186969
7702914116565
7702433292962
7702097037152
7592707507010
7702323700201
8425545174153
8410013006142
3500610034442
7702129035279
7804305001099
7702477422653
7702026175375
7705326078988
7702277066750
8410376036169
7702031900962
9333527145048
7702044242233
7702011023346
7707172301319
7702914111508
37000834656
7804315000587
7705326082145
7702109008361
25293001695
7702020011037
7702129019255
7702323000066
7705287002633
7702090022711
7707773834711
7702559020630
7709990570052
7622210427199
7702024014911
7702168240405
7702189050137
7801300301049
7702313531334
7702189050168
8409730046180
7702044210744
7702425805798
7707773830577
34000003129
7702010130496
7701101247297
7702098035539
7702024015215
7591005980839
7702129044592
7707279500066
7700512500052
7702192000181
8413178282789
7702251018607
7591005993013
7702402050234
7702129019903
7707326790037
7702130612414
2427409000000
7791203001682
7707272490258
7702084700250
7707061710512
7702175157253
7701101300084
85976034150
7709990303940
7702001041725
7702140024306
7707194534160
7702166004023
7702191661307
7702010320200
7502214738913
7702433289948
5410228144755
7702402052313
7804449103024
42213277
7701101245958
7702059601292
7702402045889
7702417003591
7702129035880
7701018002071
7702535015544
7702432010505
7706667003011
7702020115100
7703588001041
5411916120976
7702166060005
8410406821000
7702044211703
7702090048483
7702129045766
7702152038957
7591005992573
7703616163260
7707240301685
7702402051088
7705326078988
7702085012390
7705326073365
4005808837472
7702001121755
7702001011452
7702535012857
7591083017793
7702129020350
7702045556827
7702433290777
7702129045759
7702377001453
7702085243480
7591057001025
7702425800847
7702045557640
7703616163260
7702535010327
7705890010551
7702007228229
7702626103167
7702626216997
7702001042739
7701101310021
7702037875462
7702277157489
7702511000984
7702622423559
80432108703
7703812009102
7702705022761
7702535018651
7709304189260
7754487001670
7702402046411
7702047038765
7702137003574
7702377013340
7707066603666
7861002901695
2502363000003
5411916120839
7702914111508
7700096000016
7702215130123
7702129015523
7802180068169
7702025136001
7702084700243
7702024869856
7702129059152
7705326076038
2506683000002
7702225000195
7702001121762
7702121001425
9002975307833
7506339396492
381519181504
7701101247143
7702001041565
7702006015806
7702011003812
7702433322614
7798078235440
7702192218050
7502211160663
7702398028750
7703812012690
2506611000005
7804315304814
7702129045353
7702377012060
7701101247297
9333527107626
7702166004184
7702007043365
7702001044702
7702535001646
7591005994850
49331021094
77093189
7702277000990
7702044263283
7702001045051
7502211161882
7702535015353
7702413000013
7702402050180
7702129006194
38000846731
7702018913664
7702020011310
7702541000428
3245590207003
7702037859233
7702137007619
7702025140534
7702090037722
7509546063485
7703616132518
7501056340117
8412170011434
7702433291903
7702515000010
7702137003567
7707313090201
7700512500052
7804320985633
7702177020159
7702024075943
7610400067416
7703562102047
7702377013241
3500610006821
7702090042801
7705326079510
7702026311032
7702511003695
7501008603017
7702354939748
7702026143343
7591005574014
7702434030266
7702037800716
7702090032048
51135812327
7702535016770
3514123110180
7591005577626
7701101356937
7707363368558
7707326790037
7702109006107
7702377012060
7705326076588
7702044211413
7707316230406
190679000163
7702626202785
7702097037152
7591005996434
34000002412
7702037857048
7501017005024
7702020052092
7707365170845
7707273453092
7702026032876
7702044246828
7702044242059
7702433292801
7702085012079
7591005994645
8432286001563
7804305001044
7702010382062
37000740643
7702377013241
7702049000906
7702001084999
7702014592023
7703517852621
7806810240451
7702535007914
7702001044122
7702434214000
8002270446542
7701101261088
7702001011315
7702123003137
75062613
7702354945398
8022840750084
7702035432339
7702037856027
7702137636888
4008455458717
7861002901855
7702477422615
7702037873987
7501035010109
7703963206917
7702004002860
7707773835237
7702402046466
7702026178123
7702059601445
7702097031310
7702007213874
7702433298872
7591005980839
7702026144111
7702090031966
7702040047009
7703517852393
8410095008423
7501035010192
7702031954507
7702277037545
7703616163451
7702626214948
7702020040020
7702109000310
7610700612828
7702037810050
7702037567985
7702222000327
8410376045024
7702626215747
7702535011867
7702025136988
7791293037141
7702027440922
6412709021301
7702402049818
7702433298766
7701101247136
7702001121762
7804321028346
7702037562447
2500558000005
8410013009761
7702354941277
7702031900924
7790189000412
7702026178123
8015822000260
7706800283874
7702432010505
7702570000314
7709207754572
2501576000008
7702129003025
7703386000109
7702129044592
7703616133027
7702746040021
9333527334121
7702010311598
7501017006038
7895144293752
7703616127873
7702532313100
7754487001700
7702535014233
7702402046923
7702024076414
7702420120902
7702189035165
7702097055729
7707176352614
7702090042818
7702024045182
7790189001785
7702532434157
7702310021302
7702129045346
7702006201346
7591005998544
7707289635024
7708965796930
7701018065854
7709377767037
7702433330251
7702085012215
7702098202146
7622300134044
5011013100156
7702377303137
7702037912952
7702433330503
2500429000004
7709990722352
7709990548181
7702377000142
7790189001129
7703812000420
7702007009873
7702047003138
7702001121786
7702277111658
841058004738
7702225000195
7707233460092
7702570000635
4005900036711
7702037871440
5760466738149
40000514251
7702166051218
7701018003504
7702001062263
7702222001980
8410869450014
7702025185368
90167829
7509546074405
7500435020299
7702433274302
7707194530995
7707203592921
7702025123445
7791293005010
7702006299831
7703562004167
7702175104042
9333527334190
7702020101639
7501017005765
7702404000275
7702129043151
7703588000389
7804300120252
7702037873758
665106040055
7707349636015
7891150017337
7509546064673
7702323128036
7891010718381
7709440338034
7702117008711
7804304000093
7898292883523
7707225601946
7702006202886
7702552300111
7702277109136
7702025141029
7707211631209
7702434030143
7798074862091
7702406090359
7702432007505
7702117006809
7896292300545
7702377005901
7702020112055
7702088012021
7709990892321
7702191161395
7709304189208
7702477422660
7702090041927
75034238
7701101261491
7702001116997
7804300136444
7702177003572
7804320253480
7707176353161
7700579054475
7702191658932
7502211160175
7707363361542
7707172300015
7702001117536
7502211161684
7702626216140
8410406821000
3046920028370
7702001045204
77091925
7702323128050
7702044237666
7703517853703
7702432002500
7502211162322
7709700965802
7702425524965
2500425000008
20247386
7703812013543
7702870101612
7702011274748
7702193174003
7509546057415
7702166004313
7702129015219
7702175130799
7702025117062
7312040017683
7702377001507
7509546052892
41015445
7702129020152
7702090042054
7702433289887
7702001042791
93936730011
7702354940966
7804414011736
7707178441521
7709990555141
7702026020156
7702085013076
7705890010469
7702402045889
7702006300452
7705890030283
7702007004540
7702450522011
7702001041923
7702433292818
7702024048411
7703616164892
80135692
80176800
7702746030213
7702402050173
7703616163000
7702108207093
7702121001333
7509546650173
7702310018241
8437003943195
7509552836677
7702044211703
7702026180607
7501032938215
7591005994348
