7706772120399
5411916120839
8410412024013
7702189045751
7798159560133
7702532312714
7707178441408
7702417000460
7702044243803
7790189001785
7706477682864
7702090029741
7702025131389
7702425807648
8006030005925
2503388000009
7702807482081
40000015024
7702097036087
7792319656131
7702011001764
7702626203713
7702037562447
7702010311598
7500435136419
7702024076438
7804414000167
7703616166001
7509546650623
7704872001068
7701101247136
7702129015400
7702174077552
7702001062218
7702044210836
2502600000001
7702007045413
7701101356180
7754487001748
7702617021111
7702914112055
2502076000000
7702323128036
7702129042178
7791540091506
7702045489842
7702037901253
7702045556773
7798078235440
7702090042054
7709304189208
9322214007400
7703963007927
7702026032951
7702769029591
7702532840187
7754487001670
2905203000001
7591005981867
7702001047604
7709367544747
7702090047226
7804300139230
7702090020496
4894158003671
7702175157307
7702425806559
7509546063331
7702354940348
7891150046481
7707194532661
7702129044592
7702535009994
7705326020499
7702001044542
7804636053668
34000212101
7702129020152
7702433330657
7702189011473
7703812013505
7702024007203
7702158805867
7804407002253
7509546031828
7702277111450
7702006299565
29000072121
7591005677807
7702001041947
5900020028082
4000446001018
7702489000139
7702354934293
9002490238803
7702010320293
7703517852362
7702129059152
7702047137789
7702433298551
7702088142605
7702433289887
7702113038590
7702189051882
7702746030312
7702432472129
7702903409203
8413202005018
7703386000086
7702511003695
2951617000007
7702130612827
7702433322584
7798039590151
4052197000017
7506306237155
7702059602183
8585002432315
7891150055223
7703812000420
7702433299077
7730927021309
5010327025148
7702152009049
7702001117567
25293600911
7702433292856
7702377000500
7791540044502
7707331403632
7622300116507
7700096000016
7703296000343
2502725000009
7702004110282
7702277000778
7702535021798
7702037567428
70847004707
7702425802896
7702140051869
7702222000334
5000267014609
7702001133611
7501438301897
3035130403107
7702993016053
7704872005400
7702193172009
7707322030755
7702027041914
7702215305446
7702404005270
7702312110011
11111124127
7702024004677
7804636053651
7703616128696
7702026200312
7702085012123
7702251052151
7591005981935
7707322030472
7591005545038
7622210108586
7790580221904
7702746030152
7702377001507
7622210864116
4005900036759
7804315000396
7702129043045
7501056346188
7702152106410
7702433330695
5000396036152
7501049936945
7702044211086
8423352800159
7702425807563
7702010611278
7804315003854
7702402051118
7804315000402
7702024075943
7702037567978
7702129042147
7702045563214
7702011091116
7501035013483
7707200719895
7801222000228
7703616096384
7702044263276
7702402045902
7702129059114
7702425804722
7702007030143
7707225601953
7702506112258
7702277120162
7702168117400
7791293032450
7702277144939
7798159560133
4000411016221
7702914595285
7703111002699
7709905548350
7509546063331
7702097036087
7701101356692
7702129003179
7707361120066
7702247010752
7707172300398
7702277510109
7702001116553
7702020052337
7702433327121
80432400432
5000281005034
42277064
7702193424009
7702129035859
7702044234108
7702215305330
7702113023749
7702090029864
7506306244177
7705890030245
7702090042795
7702433330725
7702189049131
5000281055084
7707316230260
7707254790239
7709291150090
7702510937021
7707237070044
7702085048108
7702433094139
7501071901690
7702037500517
7702059601254
7702085014288
7509552806403
7702889000104
7703616273433
7594003626624
7804320561431
7702191001240
7702001116560
7707313090041
7702191162163
70847012610
7707313090188
7703616160917
7702137622928
7707268420405
7702113016529
7702011051684
7707176353277
7702367002620
7501032938215
3245990250203
7702026311179
8409730047248
4891228530143
7502211161318
7702377005901
8000350000585
7702417002464
7702097036681
7702090032017
8410376037784
7702312100012
7705326079336
7702011048158
7702354929923
2996137000007
7707773834384
7702177010433
5010327404028
7702626169811
7702215305750
7702433328456
8410376033267
7702354005894
7700618020140
7702090041903
7702129043144
7709697832521
7705326074454
7702398002156
7804315000235
7703386000086
7702011022608
7702090044287
7702215306085
7591005005785
7702014601909
7702133862793
8410111007119
7702026300326
7703562102030
7701101246900
7702870050064
7702377012695
7702001100019
8425545117624
2987147000002
7802180097251
7702097055712
7702434030143
7702140071898
7703147502422
7702354946173
7502211160779
75027551
7702010382147
5411681014005
7702045557541
7703963007927
7501032990022
7702090032789
7707361120042
5011026105223
7702191000885
7702001116102
7702011090645
7703305131143
2502548000002
7501086453931
7709990683059
7702085013076
7594003620059
7702129014557
7702189052797
7700468001405
7702166048003
7705326079114
7703296000046
7707349636015
7702534200026
7701101261491
7610400067416
7702035430090
7702191162149
7700604039194
7702433298766
7506306202849
7702044236225
7702193102464
7702626202792
7702430941023
7707203359890
7707365170876
7702454001970
7702037567923
7702354931001
7622300134099
7804300123093
7896016604799
7702044259750
7702037875578
7702492000744
7702993023792
7591005994362
80480006341
3514123105797
9002975377348
7501032909857
7707036000785
7702175108385
7702011063359
7702045557541
7702175104042
7702097039514
7501032990039
7702175157673
7702196900142
7702024007067
7804315002406
884394007377
7891024031384
7702129047784
7702001100033
7702215305552
7702510937458
7702120009569
7702425803039
7709990883176
7806810800310
7707203357452
7703616164106
7702559021033
7591005992740
7706808022109
7702047094716
7702177020340
7702310020596
7702175111248
7707773834322
7702425804012
7703812002295
7702007038439
7702129047241
7702175108408
7702700003147
8410036002091
7702032106790
7702432007505
7702222000327
7703296000275
2500558000005
7702090006544
7702402050173
7707248812763
7702137005479
7703812009652
7702177019313
7702425524828
7808704700140
80135906
7702059402028
7702870101636
7501017005024
7702088132354
7702037800129
7705326074454
7702914159401
7702001011315
80135463
7702402046466
7702004007834
7702354941260
7702168255102
7703616129525
7702560037573
7702166055032
7702044263276
7702477422639
7702425550254
7702001116096
7702025113132
7702001042708
7702175130799
7622210874580
7705890010469
7702001062218
42332947
7702532896313
7702047021934
7804320556000
7707316230406
7702090039740
8437008383002
7702247011056
7702137471281
7702026175061
7703616129549
7707201151175
7702189226150
7707176356742
8410412505024
7702137623000
7702007524086
9333527115522
7702626216164
7702035833815
8410412020374
7705326079442
7702277066682
7790240072150
7704872001723
7702312280011
7702026200152
7702014620214
7804305002010
7702354002930
7709990080452
190679000194
7702433298445
7791540127168
7891024136096
7702001041411
8424487400092
7702177010266
7702090040333
7702020112123
7622210156211
7707363368145
7702024026785
8426617014254
8411135350250
7702177020159
7707203594949
7702025131884
7702166006058
7591005996779
7707184640055
7702433304986
9333527239082
7702129045346
7500435131414
7707289635031
7707248810332
7702276003350
7702129011044
7702014626711
7700604050434
7702024015345
7706808013251
8410376042498
7702027429286
7702152101224
7591005002234
7703588000815
7702129061070
7702626203720
7702045556773
7702277137252
7707031080218
7707289635017
7702085014288
7702746030190
7703588000679
7702006202930
7702001117277
7702433297073
7891010821807
7702215305460
5000299225028
7703517852423
7804387001017
7702090039269
7702001134410
8585002432292
7509552914030
7706477683212
7702166004177
7805025687570
7702603071663
4011800419004
7702433291958
7702432075030
7702705022181
7702037912952
7700579165447
7702049000746
7702047001745
7702007049718
7702354946067
7702175111224
7502235820840
7702168114003
7705326019318
7702129035859
7622210874580
7702152033976
7702006300476
7702059602183
7702747000420
7702047195789
7702155016457
75063092
7702413000228
4005900036643
7702433322614
7804320706009
7702175130775
7702104010147
7702090039986
7702024028987
7702001072033
7702430526633
7702028000361
7705890021052
7804330111107
7702617487498
7702354945398
7702175157253
7501032905736
7702088163587
7804305002034
7702277126164
7804315002222
9333527190758
7702166004023
7501035013483
8076809529648
4002103257707
7591005994638
7702377005758
4891228530129
7703616076409
7702603071618
7702037562447
7702129044301
7702137421293
34000130030
7702425523524
2500317000000
7702532630801
8436011779116
7707334010127
7792319676337
7702129042178
7790189041910
7707358310463
7702090020939
7808704700140
7790036046327
7702035833815
7791540127175
7702626213606
7702535020371
7702560037849
7702026177904
7702189045317
7703812007559
7703517853017
7702044256476
7702109000303
7707365170517
7707203351184
3073780460262
7702433291217
8410225542186
7709304189260
7702024059653
2501622000006
7702191663653
7702402046435
7702025103829
7804449111005
7703348902878
7790240072808
7622300134099
2500230000002
7591005001695
3035131451107
7702026020156
80432400388
7702404006031
7702140071898
7702090049572
7702277081746
7806810800907
7701101320105
7702433281294
7702044263276
7702313807033
7702045556667
8410971031903
7702001044160
7702705022181
4044551045987
7702535016770
7702191162484
7702001049974
40000422068
7702006299084
7702001046522
7703517852317
7707248816266
7891024316207
7506105604462
7702433304986
7702617021142
7798104769093
7702129006460
7891172432897
5010327000312
7702377107001
7702215305798
7702001018888
7702515000041
7702454001543
7703616164144
75063115
7702377002351
7702251052151
7702007043426
7702535002650
7705326073365
7702047137482
7702004007841
7702622629159
7709935980052
7891150050563
7702993028483
7702011076298
7702215305330
7791293032375
7709700965802
7702097067265
7702174077439
7707331406589
7702189053459
7506306205079
7702213061313
7702215305637
7509546650401
7702001044504
2502427000000
7705890040121
77093189
7702425806696
7501017005000
7702011048042
7709817710869
7702035430090
12354071704
7709183593998
7702090033144
7610700626764
4600682011477
8410971030470
7702090047080
7702617021425
7798039590182
7702535022214
7702014620412
7702535023204
7702277126010
7702626204680
7702433328593
8000500023976
7703296000480
7500435125000
7703812013697
7702137620313
7703147101403
7702354946111
7702168269055
7702040031008
7702090047035
7702617487696
7707773834322
7702177008560
7702001023516
7702010130632
7702489000139
7707773830614
7702090020847
8412170013766
7707313090768
7702193100675
7702402051118
7702129045025
7702004013668
7702433330282
12354071704
7707326790037
7702010881497
3514123105629
2502076000000
8411650053193
7702277125778
7754487001656
7702090030808
82184090466
7702191000014
7707203351412
7509546053875
7702004003614
7702511002391
7702129019309
7702433330640
7702494300613
7702993028261
7804449006288
7702024008118
7709990548181
7798104763039
7702045556827
7702277111658
7702404006284
7701018002125
7702535012079
7701101247198
7706808070438
7702129075152
7703296000039
7702191661307
7707061740632
7891024136096
7702049100668
7750526000147
7798141877089
7702277046097
7702433324601
7707363363881
7702024004677
7702059601711
7703296000121
7707211632152
7702746040045
7707773834094
7709357224369
7702434080025
7702314114024
7707233460115
9002975307833
4001518001219
7702434030266
7702006299565
7791540127175
7706800923183
7702045562729
7701101356166
7702020216180
7804315001072
7707066603758
7702097038807
7702310048088
7702026208431
7702189051615
7702007228229
7806810013093
7707194531350
3035130304107
7506105606077
7702137628135
7703616162980
7702425552197
2500239000003
7702417000392
2502806000003
7707363360163
7702004002877
7702196000088
7806810815307
7709304189208
7705326075505
7707061730428
7702573995242
7702433330497
8023678162322
7702059601681
7702434204124
7702024072195
7702057082178
7702166004160
7702914264204
7707225411798
39978004628
7707313091062
7703588000174
7702090029512
7702001011308
7702109004592
7804350596359
7702004013675
7702277126416
7702402049665
8410971031903
7702037873062
2996170000002
7702433324632
7702277442097
7703296000275
7709990073836
7501024546190
7702402045919
2502017000007
7702377005901
7500435110174
7702129030236
7707351430281
7703616164908
7702001041947
7702007042719
7441008171577
90167249
7702001100101
7702024075967
7705326077592
7709131458454
7702413000228
7702409007965
7702377002351
7702247010240
7702037859233
7709131458492
7702377001507
7702025117062
7702277125778
7702433327206
7702189052797
7791540090066
7702044237680
7702433330664
7707269601292
7702277037132
7702024001546
34000212101
7702277155188
2959293000007
7702020216197
7702097039408
7702433281300
7702024985426
7702433290517
7705890090126
7708951575051
7702314114024
7702433290753
7702617487696
7702027416743
7702045563214
7702025121700
7709440091380
3500610085338
7500435122610
7702189051127
7702090006698
7501035013230
7703616132518
7702370010025
7501056340117
7702020052009
8004690203002
7702113035582
7702001017317
8410971033785
7702024007463
7702006201346
7702011272577
7702001023523
884394007353
7702409012587
5000267014609
80432105528
7709990080490
7702024064510
7702047137680
7501008616130
7703147047176
7798078230643
7702044210744
7702026310653
7804300123277
7709131458416
7702113022292
7702090020922
7702535016220
7702027042935
7702215305460
7791540140297
7702045562705
7702192000181
7702433330459
7707226573013
7798090160232
7702993029039
7702914116565
7804315001980
7702047136072
7702037870306
7702247000333
7702425524828
7702193100927
7506339394320
7702044236362
7707179880732
7707351430274
7702166004184
7702310021364
7702532430937
7702433292887
7707248817850
8000350001186
7702025131211
7702433299176
80480231026
7702004007841
7502211160779
7702191162200
7705326082077
7702014514919
7622300134037
7702024067818
7702889002702
7703812014182
7702140020513
7700024000668
7702354937362
8413178217576
7702001041725
7702277080343
7702129061094
2500247000002
9333527239082
7703588000389
7509546065823
7622300986582
7702914221207
7702084137537
7707322030182
7703616164908
7707335280819
7702354946302
7702323128067
7791728021349
658480001101
7702417000361
7702011091130
7506306237339
38000846748
7703252034535
7703616135823
7702014639513
7702006299848
7707272490074
7806810800440
7707272490180
7591083017793
7702011006929
7703517853703
7702560032004
7702025186440
7804300010638
7702024068594
8436011770519
7702215305613
7501032990015
7702433290364
8410412024013
7707248320640
7701101247303
7891024031384
884394007773
8437012008021
7707773830614
7702057081553
7702433330527
7705326020918
7702277072416
7702137006070
7702129030243
7702535015353
7702191661291
7702914594448
7501438326081
7506195196984
7707178441521
7702433305037
7702047137567
2500356000009
8410537700724
2502418000002
7702196000934
7613035509726
8410023023719
7702001061402
8410013999369
7703386000109
7702129072809
7703616133478
7707066603628
7703616076676
7702006300445
7702535001585
7702049000494
7792756200331
7702354944780
7702137005479
7702535012857
7702425802735
7702011018045
7702085003152
7705326011800
7790762001348
7702123008859
20725112
7702247012411
7702477422905
7702129042161
78924482
7707194530209
7702354946142
7702450011119
7702189050182
7702404000039
7703517852317
7702001018154
7702026333423
7702090020489
7707325845165
7707203352341
7702059602374
7707272490197
7702044210751
7705326016577
7702354110314
8437008383583
7702626204697
7703305129690
7703616133010
7702090041422
7707773835718
7509546074405
7702090031065
7702413000181
7702007205503
7702434030099
7702088012021
7702129072342
7891024183090
2501661000005
7500435019958
7702004110244
5010677850209
7702020216036
7702622725011
49331021094
7791293025797
7591005992559
7702433290364
8003535022778
7702155044344
40144979
20724948
7702541000428
7702129035880
7702059202024
7591005981874
7709990118124
7509546079080
7707248320176
7702535002063
7702129044318
7702129044325
7702024025030
7702189019202
7702130612827
7702570000826
7707272490197
8410412058704
7702090032048
7702417003584
7500435020091
7702129045766
7806810800457
5010494561289
7622300051839
7701101280638
7702014601909
5410126006339
7701101280638
7502211161714
75027551
7702090039436
7702024065173
7702746120013
7702129043052
7702117006717
7702129043120
7702001113088
7703812000437
7705326082145
7702129061179
7702024068594
7702090020861
5000281021621
7702477422639
7703616128764
7702097037121
7703616076805
7702129075107
7702425807648
7702027436505
7708992479462
7707178449428
7702433330527
7702489000368
7805025689000
7707061730411
7804407001768
7702001028177
7806810240451
7509546650401
7702174072373
7702277154112
8423352800159
7702085243480
7702402049023
7702026032302
7702617487498
7707351430274
7702044242271
7702354931001
7702090023855
7702024075011
79200003364
7705326082145
7701101247297
7702626203478
7702047001578
7622210407757
7702004110619
7702140051869
7707875653227
7502211160786
7790975000190
7701101356142
7702007228229
7702193149179
7702001049967
7702425802872
7591005993426
7707363368145
7509546067155
7707773834094
7591005004870
7622300986421
5010327404059
7702247011056
7702377001453
7702277500070
7790520989109
7707192730076
7702450014011
7506306232976
8004690051573
7709669992727
7702047001745
7804414004417
7506306237100
7702024074939
7702433290050
7703616292717
2997839000005
7702085001769
8001660198351
7702026362034
7707363363430
7861002901695
7702020052016
7591005577626
7707363367087
7702001121786
7702090025828
40144979
20037147
7707313091369
75024956
7702705022778
7702570000079
381519181504
7702090041910
61104410614
7702010382062
7702535019818
7798081660437
7798039590731
7702870052983
7702001041978
7703616131634
2946807000004
7702006299831
7701018003504
7891008210064
7790520984524
2500241000008
7702026202040
37000891291
7702129035279
7702425800847
7702020113014
7703386000260
2502742000006
2500429000004
7702014620412
7804330005567
7707066603574
7702084137858
7702903425159
7702014620443
5011885008338
7702001044115
7702090041606
7707351430267
7703616164861
7702433322508
7702129035293
4011800049010
7703364000619
7702037875455
7702425803992
7702570000680
7702024008217
7702129019903
7509546061832
7702045489842
2500315000002
7703616133492
7702045555813
7700512236098
7701101247273
8712000017941
7703616164861
7702050031999
7702027434068
5000281051116
7705326077387
7804320411149
7705326079442
7702121444444
7709458145853
7702276001288
7591005003392
7705326082145
7702398028361
7702044242103
7702433328524
7709990368062
7702166044081
8424487400092
9333527144508
7501056344221
7804320301174
7702433305075
7702014627169
7501032906337
7466762939010
7702570000093
7702007042290
7707036000778
7702532720373
7702167135047
7707211630912
7702256010101
7506195196984
7702001113095
8712000030605
7702425548466
7702409009709
7702010881213
7702425543690
7702552010027
7702020107204
7703176909612
70942018401
7702404000060
7702191661307
7702014501315
7702113038613
4014964112514
7702433299169
7702807482012
7501035013230
7702129017756
7702746030190
7702037873987
7701101247143
7702313825334
7702085003398
7702037566650
7702436485439
7702609005396
7705326053268
7702277063056
8410342004888
7591083017793
7702001029716
7702532313100
7707195241418
7703616164885
7709990548181
79400110695
7707233460054
8410376037685
8426322428933
7702433290883
7703517852768
7701101246894
7501008611135
7703296000084
7702001121748
7702420060604
7702354931636
7610400082532
7703616164045
7702020116077
7702037566643
8410013381010
93936700007
2500430000000
7702117006717
7702001107742
4044551045987
7702140025747
4011800419004
7701101247273
8004690052044
7702420121039
7700512500052
7622210874580
7707773834704
8004690051207
7700604049346
7702113038590
7707322030281
7791293032153
7702129061094
7702191162163
7702129077170
7707331403601
7702007205503
7703364000046
7703616133478
7702137624625
7702277037545
7702129043038
7701101233368
7702037502849
7702196900128
7702049000548
7702433330602
2500302000008
7707248327427
7707361120196
7702026201944
7702276001288
7707184640130
8002793958379
665106040055
4005686004157
7702007049398
7702050018853
7750526000185
7702177020319
7702425552197
7702006201568
7591005992894
7707313090164
7702425523524
7702225000218
7702189033963
7702007212402
5010677713009
7702024008064
2502076000000
4005900036711
7707237070037
7702433327121
7702024068624
7707238230065
7705326079343
7702626214801
7702705022761
7702133862793
7702323329020
7702129025157
4005900036759
7702011070371
7703133086417
7702045563320
7702037871389
7702914159401
3514123105636
7703616077017
7702049001514
7702001025015
7707036000044
7707176351716
7702001100095
7791728018318
7702409011917
8023678162322
7702010282874
7702037871358
7702769036216
7702037871365
7702433320276
7703616081182
7702090031584
7705326019301
7702354939649
7702001100125
8004400014416
7861002940106
7702433291248
7702310048118
7702001112654
7703616128696
42332947
7702014703726
7702001100736
7754487001670
7702477422615
7702129045049
7702535014233
7702129073325
7709990080414
7804305002133
7702025103829
7702177014035
7702024015215
7702617487498
7709658467144
7702433330251
7707061710116
7703296000091
7501005101424
7707172301326
8410971031903
7702090026757
7702617021432
7702001114054
7702535001639
7702137636888
4894158003671
7702090044294
7702417000064
7705326077837
7705326020918
7501032909864
8410376017687
8410412024860
7702024015307
7702189030672
7703111002866
5000291021925
190679000163
7702420060604
7702914159302
7702011271310
7703562109862
7702215305361
7702535011799
7707201151175
7702035432117
781344031010
7791875000013
7702354929923
7702010311628
7702001121786
7705326079152
7702433290050
7702090029819
7501057015427
2502384000006
7702191661314
7753442351034
7702433298667
7705890020451
7702432075030
7701101247150
7703616129624
7702011021939
7702354939625
7702011092991
7591005577701
7702010380747
7702626213545
7702020119108
7502211161721
7707351430274
7804300010645
7707066603666
7501032917975
7702425805798
7702191658901
7798074860240
7702402050180
7702037874229
7702129006491
7702617021449
7702433299169
7509546073828
7702010320293
7702047039106
7702705022181
7702007038507
7707272490258
7702011048158
7702993029381
4600682409458
7702025113132
7702090029741
7702914221702
7702914111300
7506306210905
7804315003892
75062613
7702166053359
7502211162292
8437003969737
7798078230506
7441008171577
7702870104118
7896292300507
7702007228502
7591005574007
7702189042316
7702001041558
7702113023138
7702024040910
7702024047131
7702121234175
7702037870320
7702007052251
7702024065173
7703588001041
7702049000746
7702189053848
7702001100019
7702152009193
7702298008210
7702001100095
7804315003854
7610400039796
7702277157328
7702085013496
7702433322515
7702253800019
7506309806075
7702189051080
7703616135816
7622300222758
7702626217215
7707066603833
7702020216180
7702020052092
7702090017144
7506306210912
7702222000334
7702020112055
7702189053459
7703616133492
7705326075932
7702031599036
7702025100279
7702889000104
7702409010163
7702006299190
7702057081553
7804315304807
7702031905240
7702603071632
7702433328517
7702090033144
7707206421457
7707225600512
7804315012054
7891010654245
7702004110022
7702425802872
3035138005693
7702129045759
7702001047390
7702007031553
7703616127873
7610700612828
7703133088121
7702123008842
7707211630912
7703517853703
7702129073103
7702024040323
7702001086498
7804330321209
7701101247136
7702001050185
7709972878886
7798039590724
70847004707
8022840759841
7702011001719
7702001029716
764218653150
7702215305385
7707254790239
7702152100906
2502617000001
7702027426629
7702024040910
7702166053007
7702001011452
7703819335310
7702020112161
7702004009319
7702113038330
7703588000419
7702129006446
7622210110251
7591005998544
7702090023893
7707331404073
7702191349489
7509546063485
7804449103017
7702031604181
7702532734776
7702993015469
7705890010469
8033102690062
7702433228800
7591005677814
7702746036017
7706772100421
7702109004592
7703348901710
7702420912033
7702026320744
7702404000046
7804300139247
8501110080248
7702020052351
7702425543690
7702001055074
7707184640130
7591005997264
7702298001266
7702425805798
7702993028957
7702001053841
20037116
7702090041903
7501438311124
7707179310055
7709690590688
7702277121480
7702277000990
7705326079152
7702001107742
4008455458717
2996134000000
7702011051936
7707179880114
7702059202024
7701018062716
7702098038325
7702535001646
7591005001046
7702085013076
7791293032375
7622300683856
7702174072045
7702155044269
7702166053342
7591112015059
7622210744852
7702477422622
9333527145048
7702560037313
7702037871945
7509546064673
7804414004400
7702433330596
20725105
7707248327434
5411916120952
40000394129
7702167125086
8420197008085
20725143
7702277144946
7702993016053
7702425802735
7702191349182
7703386000253
7702535007914
7702014500646
7804315304814
7707313090812
7702700002645
7702027440441
36600814013
7702090029512
7591005545038
7707225600376
7792319676337
7702192224051
781344031508
841058004561
7702044242066
7702166051560
7702541000183
7703616273402
7501057015427
7702037871440
7701101246276
7502211161301
7702129041034
7702049100651
7702001045051
2943829000005
7702417003447
7702129015646
7701101240991
7502211160779
7702098026063
6920354822223
7804320064925
610395953395
7502214738913
7622210427106
7702044254441
8437008383002
7705326077837
2500243000006
7702001114856
7806810800433
7702129041348
7703616076683
7702570000574
5244812
7702433330275
7702626215747
7790240017045
7707361120226
7707248323658
7702085003206
7702914159104
8410412021494
7702045556728
7702001086337
7702090048810
7701018003504
7703588000815
7705326079343
7702047136072
7702433330305
7703812000031
8018994237526
7702049101160
7702129061094
7500435125949
7702492000034
7804330321209
7702044236249
7702001044504
7702047137604
4000539674501
9333527217660
7702277047315
7702766098118
7707061730435
7702870101322
37000230328
6937266701478
7707225601908
7702040007003
7702434205107
7702420122029
7702231100018
7702044249904
7702129015523
7702049101160
7702049000920
7702298004939
6937266703793
7701101356920
7702433297264
7702010921537
8410866430477
7700872107434
7702044211703
7702161002000
7702914221306
5010327505213
7702626153803
7702914158701
7702398027425
7702024015901
7707066603819
7702011085443
7702020112055
7793253471705
7702870050019
7791293025537
7703812012935
3035138005655
79400052919
7750168001694
7702559080726
7591057001025
7509552914276
7702433322539
7702705022761
7702404008080
7707185450035
7702129020206
7707248327694
7891150043237
7702626214566
7702559080627
7700096000016
7702189051134
7707268420375
7702377013098
7701101240403
2943840000008
4005800137679
7591005997042
7702432016965
8007880211009
7804330111107
7702001015603
7896359022540
7702090039733
7808725402818
4008455394114
7501035010208
7509546650623
7700604039767
7702129015219
7702026142681
7591005006270
7790975020358
7702129020152
7702011281180
7591005981935
7896016604539
7702045563221
7702085012024
7702434030143
7707248323658
7702450303962
7702559020630
7702037800853
7702433328487
7702870050064
7702155031931
7702129043151
7702191162187
7702020101691
7702020052009
7708951575051
7702168214000
7702417001016
7702433327145
7702535015346
8712000010249
7707203350231
744607002318
7701101270349
7702903421007
20725013
7702090042122
7701101240007
7791540091889
7702090032789
7702354944926
9333527334176
7702129026307
7702277109136
7702037871259
7702024076650
7702027414756
7702001047161
7702746040021
7702037875462
7707178441408
7702037800754
7702377102624
7703386000260
7707773835725
7506339394320
7702433289801
7702175111194
7702433322676
7707313090041
7702215305491
7703616129556
7701018066066
7702433292818
7703562004167
42332862
2996170000002
7703616135823
7707313090768
7702014515114
4000446001018
7804300010645
7702532371384
7707289635055
7703616133010
7702037800853
7702007212402
7702001010455
2905219000002
29000016071
2502441000000
7804300122874
7591005004870
7466762939010
2502438000006
7622300722197
7709990073836
7506306205079
29000072800
7702177001783
7804449006288
