2500425000008
7703588003151
7702432010505
7702993031216
7709990303940
7702090031942
7703616273365
2503196000000
7798039590151
7501035013230
7702425805354
7702193100675
37000330868
7702191162149
7702354026882
7798074862091
7707358310449
7707248320176
7591005002241
7702014620214
7702617022415
7591005997929
7702044237031
7702404006048
7702626104003
7702129042178
7891035024368
7702010310096
8410869450038
7702001122028
7500435113441
7702026177355
7702192422013
5010314048907
7702489000139
41789002915
75063115
7700512230324
7622210754288
75063092
2502602000009
7702047137505
7707203357063
7702404005041
7702433290050
7702006299381
75060206
9333527190758
7702044211055
7705326091611
7702024063971
7702425803992
7702425806696
7702323128029
606110287760
7707283720122
8410441231000
82184038727
7798159560126
7591005994362
7707773834650
7702108205877
7707334010134
7702137007183
7703147180118
7707773834346
7509552902747
7702014501315
7703616162973
7708965796930
7707313090867
7702626217536
2506324000002
8410406001235
7707179880107
7501058617439
7702020120302
7790314056598
7794450091475
8585002432292
8410376037784
7702037869263
7501035010192
8410412504096
7502211161707
7702097036643
7707203351184
7707268420344
7702129044622
7502211160786
7703812004879
7610700614815
7703386000024
7591005981928
7702511002391
7509546076119
8410412047357
7702129044592
7707195241449
7700516000022
7702510051857
7702037800129
7702037562447
7622300051839
7509546063331
7709183593998
7804414012672
7702113023213
7702433274333
7891962047034
7702189046680
7702001049899
7703812013901
7707316230710
3073780460262
2500430000000
7501032906337
7702552010027
7702037871907
7702090044294
77091925
7703963007910
7707184640062
7702700003123
9006900013974
7702626214948
7702515000249
7702870101643
7703616164885
37000891291
7704872001044
7703588000112
7703616135816
7702158805805
7702409005763
7703296000343
7702277157489
7702573995501
7702120009569
7702025103904
7501032905002
77010520
7703616076478
7702189040565
5011885008338
7750168000581
8023678161288
7707279500035
7702129020350
5411916120839
7707194530605
7702007043402
7707312650208
7702001041923
7702090017151
7702020052313
7702398028750
7501438326081
7702006299855
7702196900227
7702532312295
2502121000009
7703588000389
7702137631272
7702168141009
7702137007640
20647230
7703133071031
7702196900128
7702026176884
7794450008077
7702026178734
7703305131143
7702024067849
7591005981539
7707246260597
7702090029567
7702404000039
7702189051080
7702090031928
20725068
7702277109136
7707194531770
7706808070438
8411650053230
5000281021621
7702090039986
7702425802872
7506306243286
5011885010478
7702045556629
7702573991763
7702026143411
80432108703
7701101244807
7707225601946
7702515000379
7702001029747
7702626207865
8410702004558
7705326078940
4011800801311
7703386000536
7702454000287
7702377001408
7702433289719
7702277145240
7702001047000
7702425550469
3500610034589
7702047039410
7501005102667
7591005006287
7701101230305
7702020052344
8432286003710
7702166053359
85976034150
7709990080476
7702059601254
2502363000003
7702166041097
7702020119115
7707194530742
8413472059421
7702189011480
37000425489
7702193149162
7702001023523
7702370006158
7702037870320
7702085013427
7702626217222
7704872005547
7709669992765
7804449103024
381519181504
2951611000003
7702129017756
7702001044481
7509546078793
7707773835237
7702032252428
7702088190194
7702001116980
7702432470064
7509546064673
7702001072019
7701101233085
7702007213874
7702477422622
8437008383026
2946807000004
7702044256476
852230003005
7703111002477
7804350000382
7806810013093
7702007036749
7792319655547
7707283722560
7702045563344
7702006299176
7702031618744
7702047037935
7702059402028
7791293036069
7702166009042
3262151059758
7702626203898
7702277081746
7702560010781
7702010382024
7702129025294
7707180703006
7702914169004
7702402047302
7591005001114
7703386000048
8410342006721
7707066603734
7703111002545
7702617487696
7709291150090
7702402050234
7702024025016
7702037873857
7702010382062
7702506111961
7702609005372
606110365208
7702123009924
7702037873987
7804300011437
7702247012398
7702166060005
7899026462625
7702433322560
7702097055729
7702310048064
7707363361542
7702001044191
7702108200919
7702025140916
7798141877089
7707313090447
7791540091889
7702037502870
7898422746759
7702047137680
2500674000002
5000281005430
7702166043084
7707248320800
7804315003892
7702129043052
7702617021449
7702177020340
70942508407
7705326081513
7702433330664
7702166007512
7702014500448
7705326078261
8410971030470
20725099
7506105604462
7707248320343
7804315003854
7703147073342
7709990234077
7791728000108
7702026177669
7702011083999
7702433281058
7702535009987
7707178449428
7509546066776
7702277144946
7702129003025
7702044241731
7702189042712
7804315002000
8414219001000
7622300436940
7703616090818
4000411016221
8414716230538
7702377107148
7702006300483
25293001374
7705571141574
7702044237611
7702993025123
7702090020847
7707195934112
7613035202337
7702477112936
3500610085338
7509552911473
7702433330213
7707773835725
7702538260217
9333527279941
7702189039477
7702425806528
7703133030212
7702191662892
7702532430210
7702155049196
7705890090164
7701101356173
41015445
7707322030182
42332862
7702377000050
7705326071330
7702167125147
7702097031310
7702047005330
7702137007169
7702433322591
7801222000235
7702402047005
7702037800495
7700579165447
7702433305129
7707226570012
8432286003413
7705890020468
7702535002063
7501056344221
7702024015215
7702010631832
7702001010455
7702031503361
7804330212101
7500435020299
7703616273433
19161010902
7709990082227
7702177016442
7709990368031
7702532630818
7707313091314
7703616166025
7707255633825
7707200719895
7702040031008
7707254797597
7702020101639
7509546077796
7703296000190
7702189001245
7707248817850
7509552806489
7702024067818
7703133024228
7702129075275
7702914595278
7702024064770
7707331403618
7702001049882
4037719068317
190679000194
7613035509726
7702914114400
7702189051059
7790189000412
5411916120976
7702433289580
8850367300013
7702272000063
7702433298766
7702031010715
7702433318488
7506309807850
7702402050173
7702011076236
7702044210881
7705326012395
7703147005084
7702031376712
7702433305099
7501035042322
7702026310653
7702626166643
7790189001242
8410013383014
7702432016965
7702011021892
7502211161684
7702037872485
7707248325010
7702007057751
7703517853086
7702001116089
7702433330589
7702433305068
7702433322539
7702129030267
7702014626810
20725136
7702090039801
7702059601711
8007880228304
7702090042795
7702010971822
7702433290784
2506386000002
7702377012442
7705326070371
7702277442080
7702001028177
7702175141214
7702001041718
7702010881442
7702807482067
7702025101306
7702215305538
7702007046144
7702570000598
5000267165806
7702020052092
7702535001639
2500221000004
7702700002645
7702059602664
7703616164137
7702377001453
3492390013260
7702047016824
7702425807242
7702090031065
7702137622980
7804305001099
7702006300476
7703812005623
7702001048113
7702140020513
7703812009270
7702617487375
7702001041558
9333527011152
7702121000220
7613035191792
7790520552006
7702024075363
7702011272577
7700579165638
7702433291248
70662020036
7702766097951
7702377012695
7704872005479
7702045556636
7509546078397
7701101261071
7702433281300
9333527113900
7702532300124
7707225602042
7702433322546
7702011085443
8410866433034
7702434214000
7707066603659
5010327325460
7707300530994
8410412025720
7702175111262
7702014639513
7701101246894
7701018004556
7702001100989
7702090029888
2502629000006
7703348902878
7702037874236
7702090044553
7707061710444
7622210492968
7702515000829
70942003469
8425545117624
2502620000005
2500356000009
7703616133485
7702277078951
7703616273341
7702097037688
7703386000703
7703616166001
7702617487498
7591005993013
7702193102631
4003301007736
7501049936945
2503497000006
7702026170219
7707272490104
8410376009415
7702129045742
7702007042702
7707268420030
7702370010025
7591005981027
7702450014011
7702004009319
7702129043120
7702433327107
7702024064510
7702024022855
7707203359890
3211203444103
7790240090154
7702090020489
7702312280028
7702277126416
7702001044122
8015822000260
7896359022533
7703616023632
7702026178901
7702137631845
7891010014810
6938294650950
7702433289801
7702425523524
7702006202886
7804320985633
7702532720359
7702434030143
7702433318570
7702090023008
7702026320744
7707313090768
7702222000327
7707773834698
7701018003511
7709573936077
7707036000044
7702044211062
7702137006551
665106040536
7703133070317
7702001100125
7702247010141
7702001116096
5000281036748
7791250001727
7707362397672
7702011270610
7702532370974
7702045402445
7709990496857
9002490100070
7703176003518
7707316230406
7702492000034
7707875653227
7706800923183
7702024071167
7804387001321
7702535012079
7702004013675
95188032400
7702006300117
7702700020700
7702026300906
7702177020333
7702277037132
7702129041522
7702090029826
7502211162322
7702189000200
9002490206666
6412709021301
7707179880060
7702450022214
7702231100018
79200003395
7702889005192
7702404005294
7501056346188
20725211
40900501160
7702090031966
2502426000001
7702024053224
7804315120797
7702020107266
7702433290845
7591005994850
7702044242530
7702047001516
7702113025057
7804320150611
5000281005034
7702001121762
7501032990015
7702059601292
7701101310021
5011007003005
7707233460092
7702121213125
7702573991671
7703588000419
7702354944797
80432402931
7702626201788
7702085012062
7702433304986
7702026311025
4067700015419
51000000071
7707192730069
7707179880558
7702354940096
8410406311006
9333527033024
7700512500069
7709183593905
7702010223600
7702026202040
7702914115100
7702196000965
7702024068747
7707245026057
6007715018546
7702175157673
7806810240451
7702129035880
7702152106700
34000133185
8023678162346
7702137624625
7702037912952
7704722000012
7801810713110
7702277125778
7702433330510
884394008039
7891024115862
7702433330497
7702037869676
8410342004901
7702425805798
7702020112093
7707184640130
5000267013602
7591083017793
7702010311468
8410971031903
7707248320466
7702037567978
7702001041411
7702010283147
7702037567923
7702007056303
20725464
7707176356230
7704872005615
7707300280042
7702189049131
7707211631209
7702535002025
7702310010436
7702024007203
7702167140089
7701101244784
7702044242165
7703616081151
7702001041701
7702001116379
7702121231020
7702129072304
7702166057036
7702098035577
7591005004870
7703133030472
25293600904
7709990901115
7804330311101
4002103257707
7702001018444
7702088142605
7702166044081
7702129044639
70491212725
7702049101207
7793440000039
4000411016238
7702037874229
7702001045310
34000239290
7703616282787
7702090042801
7704872001068
7702354930998
7702323700201
7702020052375
3245414653146
8004800005229
7702024059653
7700604049704
7591005994638
7702137622829
7702020011228
7700512500052
80135463
7502211160762
7702090041460
7703252034498
7702014703726
7703296000039
7703616276625
7709990516616
7702354929503
7702191162484
7702573992401
7702010311628
7702047137741
37000007746
7705326053268
7707248810387
7702037870306
7702090047035
7702090047226
7804636053682
7702104018921
7702433324618
7702010660627
7702088163587
7705326081827
7804320411149
7707773830614
7501438301897
7702011028891
7702047039083
5201409804687
79400476692
7804300136444
7707225601953
7703386000253
7806810800440
7702732200477
7702024027577
7702807482081
7702024015345
7804315000235
7622300134099
8410113003027
7703147047176
7702059601315
7702024060192
7702277126102
5060108450515
2502382000008
7702044242219
7701018062693
7702004002860
7891010974336
7706772100421
7702088132057
7702129014168
7702098201774
7702914551007
7702098037083
7702277080350
7702085012093
7702007055269
7891010038908
7702044242486
7500435111416
20724948
2502311000000
5000299611104
2502617000001
8717200005071
7702090040326
7706477682864
7702193102051
42332947
76397030210
7702011048042
7707322030779
7804449103017
7702129043144
7702425802735
61104410607
7702402050081
7702090020939
7702020116060
7703616129617
7702404008080
7702433330749
7702189019356
7702090042122
7591005981935
7702001042739
7707225600314
7702903209209
8076802085899
7702560037313
7702409012297
7705326020437
7705890011268
7702011003041
7702001050161
82184090466
7500435110174
7792319676337
8410376009408
7804305002010
7702045563320
7702626216140
8004690052044
7702914595292
7702059601339
3514123105667
7702152106670
7702433298476
7790975000190
7702010282652
8409730046944
8412048952074
7703812002295
7702532430937
7702001046409
7702354939625
7702215301509
7702001012022
4000446001018
7702011010612
7704872008296
658480001101
7702026142681
7702011022004
7702570000826
7705326019295
7705890050021
7703176003501
781344011012
8003535038175
8002270136559
7702402046442
7702026320096
7702177015971
7702014502985
7702398027425
20725181
7702001028771
7702129035279
7703616076409
7702129041034
7754487001663
79200003364
7702766097906
7702001061402
7709817710845
7702010881213
7702433305006
7702044243605
7798074862077
7791250001673
7701018062716
7702090039733
7622300722197
7707200710656
7706800847557
7702020101653
7590011151110
8690570528404
7702020112062
7702020115100
7702011022608
7703386000260
7702511000427
7702129072250
7702024046479
7702088012021
7702020113038
7702059601087
7804340909534
7702084550015
8809033596717
7702085002360
20725228
7702354941727
5437012008215
7896451908759
7702312160016
7501071901690
7804313112411
3500610006838
7703812009720
7804320655246
7502211161905
7702196000088
7702047137529
7702044242523
4600682009450
7709990548167
7702129035859
7702535012086
7702402045919
7702097066558
7702026174866
7702398025650
7707195249704
9333527113917
7702433298872
7702044210751
7702097058645
4000411016214
7703386000680
7501009222767
7703616282794
7702011271273
7702993031865
7702174075343
7702059602312
7703133081788
7702417000392
12354072398
7702454001970
7500435137737
7702433292962
7705326080530
9333527148896
7701101261491
7707313091130
7793360835803
7702027044014
7702532370707
7705326073365
7709353683542
7702044236362
7702014963885
7804320064925
7702993029381
7804414004400
7702515000836
7702535014448
7702117011339
7702155038503
7702129045346
7702047137604
7702024065173
8850367300044
7702559021132
4894158003671
7702409010163
8432286001563
7702113038316
7703812012935
7702191660010
7750526000161
7500435136419
7707203591870
7702914111508
7702001043941
5703985080092
5701598038264
7702168118209
606110287784
7806810003353
7804300120641
7705326079688
8410412058704
4005800137679
7702010660252
7702010225123
7707185450035
7899026462557
7702137677164
7707194530209
7701018064000
7702213061313
7702152106687
7707289635000
7702609001855
51135812327
5010327405223
7702026020606
7702001100057
7506306213920
34000212101
2500225000000
7702014626605
7702409009709
7805025689000
7707176356155
20725358
7591005005495
3035130304107
7702714100061
7702477422646
7702494300613
7622210407757
7702011048158
7702001047178
7791293032375
8410013381010
7703812009416
37000230328
7702108207093
7703616162256
7702354944919
7703133081054
7706591100817
7702189051431
7702097032317
7703616133027
4037719065729
7702152101231
5010327025148
7702425524828
7702129045780
7804350596359
7703562107844
7707322030090
7702222000334
7702323128425
7702047137840
4000521475000
7700708002315
7702011021939
7702215305637
7702129044301
7702433320221
8425589204441
7707331406107
7702277046110
7702626203720
7702193154005
7702024068839
7804300010508
7702133862793
7804449111005
7702049000906
2996137000007
7790520985569
7702020112055
7702433290364
7707272490258
7709990901184
7702049000517
7891150017344
7702045557671
7702020216180
8424487400092
7702129019255
7622210653246
8426322425208
7703812009652
7500435122610
7702210054233
7707195241579
7702047015735
7702044016520
7702026333324
7702276003350
7702538260224
8002270226595
190679000200
7704872004090
7891010043575
8409730046180
7702914266208
40000015024
7702011224293
7702001115518
7798078230643
7702007058994
7702425802896
7702191663318
7707176356261
75025922
7702420122029
7707269601292
7702011015914
7702432002005
7707194534474
7610400039796
7702001116553
7790189042238
7702085012079
7702006300452
7707335280871
7701101247167
7702137003697
7702006300421
7702011083692
7707361120202
7702189051653
7702870101636
3245590207003
5411916120655
2500458000006
8410342004895
7702129006194
7591005997264
5410126006339
7804315001997
7702177020159
7702215305439
7707313090164
7702166005013
7702129010658
7804330003624
7702870050064
7707226573013
7702433299077
7702047137468
7591005993419
7702113038613
7702433290876
7702432000506
8501110080446
7702535022214
7705326020215
7707254791960
2500242000007
7707331403625
7807910024651
7708951575037
7705326079336
14979510941
7707294780061
7702010225147
7702191161395
7702323128012
7702272000032
7702433290838
2502092000008
7701101356944
7702020112185
7702277111733
7702215305552
7701101356692
7702057081553
37000762836
7702129072571
7702277510109
7703348902854
7703517852997
7702450022016
7702272000025
7702024008118
7702113023206
7702402047111
8410412021470
7702196001269
7702312110011
7702433290869
7702001119837
7702090029154
7707294780030
7591005980754
7702001100118
7702001048076
7804315001072
7702560037849
7703517852393
7702085003398
7750243043960
7702193100927
7500435125000
7702024014911
7707194530971
7701101233368
7707349631010
7702193149179
7702001114047
9333527066619
31200200075
7702166034013
7702177020135
8002793010213
7798039590724
7702276001288
7702037567916
7707248321838
7702166009462
7622300134037
9333527066633
7705890040121
7706591102170
7701101357187
7591057001025
7702014307573
7702434030099
7707329920134
7702413000228
7705890020864
7702993022870
7804320561431
7703812013543
7702914112512
7700872107410
7702129045735
7702004007841
7804315002529
7702914158701
7703616090825
40000458708
7703616128726
7702026201944
5760466761697
7701101247143
7702433330480
7702129044318
7702113038552
7707197521501
7702277144953
7702708013582
7702433297264
80135906
7702001106325
2503386000001
4008455394411
7702189025319
4009175169723
8410023000390
7700512230829
7702535023198
7702024075011
80432400432
40000422068
7702189045775
7702026179366
7707195241418
7702175158823
7707279500066
7702434205107
7702057076696
7707358310753
7702277060840
7702277046103
7703147101052
7707233460139
7804315002406
5010327505213
7702129005609
7702011090645
7702409007965
7591005981201
7702032106790
7702404005065
95188995002
7702535011713
7702113685343
7702007057997
7702622226143
7622210874580
7702377012657
2502736000005
7702044242066
608875007041
7702027429798
7702354944780
7707363363881
7804320559001
7705326082145
7702532895330
7702626153803
7702377012411
7798104763039
7702807482135
2500243000006
7702027440472
7702113023749
7702626171791
7702085243022
70942003322
7709131458492
7702155048731
7702535021798
7702129045339
7702714600189
5411681014005
7702045562736
7702166007307
7702090032789
7591005994645
8411135350250
7702085012499
7702175156812
7702011283634
7703616164014
7702191348741
7702026200152
7804315003885
7702020120326
7501001170080
7312040017034
7702137622416
7702026176969
7702001048656
7703147031946
7705326019288
7707313090485
7707203593157
7702090031584
7703517852362
7702045563351
7702215305385
7703616128924
7591005574007
665106040109
7702417000200
7702166041028
7509546067247
7791540090578
7703812010610
7702175157307
7702889000104
7707195240596
7702420999997
7798159560133
7702004007834
7702007228229
7702434101034
7703616077116
7702535016770
8000350000585
7705326079008
7591005980839
7707331403632
7702010282706
7702121214160
7702277144304
7591005998308
7703517853024
8410412020374
4008455423913
7702018951185
7702024075752
7702011028884
7702026361037
7707316360769
7702001116072
7702001041565
7703296000275
7703296000718
7804300010645
7702037502849
7702020112123
7705326016423
7703616055459
21000658978
7702210001121
7509546053875
8018994237526
7702001137930
7702433322485
37000834656
7702155048045
7500435017046
7702014620412
42000198
7705929100024
25293001695
7702001086498
7703518111543
7591005992573
2500506000002
7702510937137
7702025103744
7701101245958
7702617021432
7707233460054
7702532840187
7707225600512
7707304420277
7509546650623
7702626216164
7707225600451
7707316230260
78924468
7702001050420
4008455424019
7707203351412
7804320746746
7702166007314
7702129061056
7707246260351
7702152100845
7705890090126
7703616127910
7705326075963
4005900036704
7707363368145
7702026032876
7702189011251
2500230000002
7702024014799
7702560032004
7702454001543
2943856000009
7804330003105
7705326076908
7702993023662
7702215305415
4066600601920
7702532110280
7702191662687
7702037874243
7891010952976
7707304420499
7622210875068
7705326075178
7702090016482
7702097037701
2500247000002
7798090160065
8409730047248
37000817536
7804350596243
7702001042722
7702026175320
7702993023792
7702121444444
7702129043168
7707176353277
7702044210096
2502742000006
7702010382147
8410412047364
7703616133461
7702047129913
7702097037565
7702137628135
7702025118311
7502211160755
7750765002216
7702433228817
7801222000228
44100006852
7703963206917
7702011083708
7702001043934
7891150046481
7791728021301
7703252034092
7702113038422
8420197008085
7705326090874
7702097036681
8413178282789
8076800195132
7702277183174
7702914112529
7705890020949
7804315002222
7702037856027
7709195759962
7702312300108
7702026200213
2506682000003
7702189050151
884941001995
7702532371247
2502427000000
8423352800173
7702004003614
7702889000692
7591005577626
7802175000273
7703812009102
4005900036759
7702024017769
8000380005925
80050117
4005686004157
7702044241700
7703616164878
3514123105636
7705890021168
7700579054475
7703147007125
7702001113095
7707335280802
7702705022013
7702626168203
7702024025719
42277064
7891000257760
7622300124502
7702014597714
7702312200019
7790240072808
7501438326074
7804636053651
7702045563290
8412048912078
7500435129503
7702026143343
7702570000574
7702191001240
7804300123277
7702011083722
7895144293769
7703616166537
7702001115495
7702354938000
7702085012024
7707179880732
7702409012648
7707304420079
7702277157168
7707331406572
7702026170240
7702433293105
7702085013021
7709990683059
7700872201163
90167249
7702152001036
7702010225208
7702001029723
7501017005765
7702314114024
7702044242547
7702570000635
7702189051134
7591005996403
7802180068169
7707248323665
7702174075787
7702045489835
7798039590144
7798104769093
7702277126140
7702433330558
7702090039269
14979510620
9333527115485
7702535010341
7703616090832
7793126000599
5000196003774
7706591101340
7707172301319
8809111635116
7707179880114
17500081255
7702037873567
7702044243803
7702113023770
7701018065083
8410376023831
7501005117777
78923454
5010327205199
7705287002626
7707773834704
9333527021786
7702433289795
4066600303336
7804320064949
7702037871945
7701101247150
7622210879547
20725365
7702020052016
7702001121625
2500373000006
7707178441033
7702193151097
7702420912033
7702129059169
7702189052841
7506306233324
8426322428933
7502211160694
7702175112139
7891150042599
7790520989116
7702603071632
7702175156799
7707200710359
7707248322903
7703296000091
7702746010253
7700708002322
7709195759924
7702001107742
7707061710512
8410866430477
7702177004234
7703616127873
7702011014269
190679000187
7702213060316
75026608
7702155044573
7702166005051
7702433304993
7702047001806
7702251043036
7703386000994
8410310602702
7702007045468
7702045556667
2996142000009
7702129030236
7702626205472
7501008603017
7702434201185
7703616129563
7707773834421
7702277500070
7790520985576
7702433327169
7702014963953
7702007212402
80135692
7702413000266
7707363366998
7702027416743
7702191658932
70662020012
2502599000006
7702191161463
7702137007619
7591005996939
7702433314527
7702532313100
7702377303120
7703517852423
7702626201993
7707773834728
3263286301385
7702129019309
7702323128036
7703517855417
4037719067471
7702433298520
34000130030
7702117011360
7702313832035
7702049000746
7701101241042
7506306205031
7707349635032
7707248812763
7702025117062
7702121234175
5000329002193
7702354932848
7702433324595
7702210001206
700083726452
4037719066009
7591005980709
7702098007062
7804315010005
7791293022567
7702011001719
7707195246475
8712000033545
7702626214566
7702129014557
7791293025803
7702433289887
7702626216157
8007880310702
7702117160068
7702014611519
7702137007176
7702450303962
8410342002013
7702152100234
7702433324625
7702001048106
7702402049818
2905219000002
7702626217543
7702001020072
8410412021487
7702155049202
8410702004541
7702993016053
7702177020463
7702027445163
7702113023718
7702024007463
7702026178925
4014807202044
7702398028361
7591005996779
2501622000006
8888003090301
7702085019023
7702020212021
7702158850300
7702129017107
7790240072150
7702312100012
9333527006158
7501017006038
7702626215334
7702535019818
7702354938345
7701101356142
7702090023893
7702001117017
7706591100862
7702113038507
7610400010016
7702047137642
7702433330275
7707363361481
7702166006119
7702025126996
7702037912792
7702001010288
7700096000047
7701101240991
31200261076
40000514251
7702001101467
