7702433330732
7804300139230
7702027417627
7791250001727
7702084700274
7702433291927
7591005993310
7703616077123
7891021002592
5411916120655
7702090041927
7509552806441
8410702004558
7702011027511
7702477422875
7702149093518
9333527037817
7702603071656
8410971912820
7502211160175
5000299225028
7804320365039
7702047039106
2996170000002
7702014703726
7702097069481
7702037873116
7702433228817
7707248320466
7702189051097
7702277082545
7702433292856
7703386000024
7702213051512
7702714600295
7804320556000
34000002412
4009175169747
40000514206
7701101356166
7702166041097
7702193505258
7702903436001
7702049100620
8409730024928
7702001048106
7506309807850
7702247010233
7700604042842
7702276003350
7702129072823
7704872004779
7702175108378
7702007036749
7702129019309
9333527037763
7702098035539
7702436487822
2503121000006
7709990901139
7703296000268
7702433322454
7702020101691
7701101270349
7702177003572
7702090023893
7751171550056
7702189046437
7702085048108
7707316230260
7702001040896
75025922
7702310021326
7622210429209
7702001061402
7702993031216
7509546067155
7702432051508
20725174
2502087000006
7703562004181
7702026147327
7703147007125
7808704700034
7702433298889
7702018913664
7702433330527
7702037873796
7702037874243
7702129025201
7702914159104
20315290
7705326080530
7702097069443
7709573936077
7891051029828
8004800004000
7702011061140
7804330212101
7702430941023
7702047016824
7702312300108
7702027445163
7702433293105
3211201046439
7622210427106
7702433330596
7702001116980
8001660101757
7509552908701
7703386000048
7702450022214
7702045563351
7702177007341
7702001116362
7702020112123
7793360806308
7613035202337
7702433330602
7702026175344
7702535001585
7707211631209
7709953119687
34000002399
7702137636901
3500610006838
7702129015400
7702129077279
7709377767075
7703562109862
3245990969402
7707331403632
4008455423913
7702626153803
7702433290678
7702914112512
7705890011541
7702276001219
7506339390216
3035131113838
7702870052983
7703616290621
7790240072150
7702404000046
78600010
7702014627169
7702175156812
5060108450515
7703616076683
7702047137802
7702001049899
7501001303518
8850367300013
7702026020163
4037719065736
7702166009240
7702090043662
8809033594324
7704872004090
841058004561
7509552806489
7702090029505
7702714600189
7702433328517
7804320301174
7707283720122
7702001116089
7702430941153
7702192422013
7707363368558
7702037871457
7702097037565
7703616161846
7702014702187
7702298000207
7703517852997
7804300126070
7707773835763
7804387001321
7702024046578
7702137007725
7702570000093
7702011278043
7702433322423
7707192730069
7707238230188
7702377102624
7700512236012
7702377012664
7707179310024
7703616132495
7702020040105
7702177004234
7500435122016
3492390013413
7702155044573
7703812000239
7702121001333
34000312450
7702535011782
884394007285
7708992479462
7702511003695
7622300722197
7705326081599
7707192730328
7702535014448
7702129075282
7702059601681
7702090041477
7702354939748
7707178441408
7702129045742
7707194530247
20725181
5900020028082
20725365
7709205465371
7702177019542
7707226570012
7702045563320
7703348902885
7702047137567
884394007308
7707313090775
7702256012518
5010327404028
7707773835749
8002270176548
7702746030312
7622300986438
7702010223600
7705326016423
7702766098064
9002490100070
2946813000005
20725242
2506667000004
7702001117567
7702020120197
2502121000009
9002490206666
7702354944780
7702044204668
7702044259750
7702133862793
7804315304807
7702108206942
7702006013024
8409730017302
7702090028584
2502617000001
2905203000001
6920354822223
7702432000506
61104410607
8004690087633
7702031934806
7702277500025
7702020017824
7702047137543
7707061710635
7804324001018
7702120009569
7707066603598
4005686004157
2501657000002
7702104010147
7702001041855
7702001116072
7702047039113
7509546079349
7702001133611
7702004110244
190679000194
2500302000008
7702732200477
7709357224314
9333527217660
7702001047000
7702014502985
7702993022870
7804300010508
7791540044519
7703616165912
7802180002644
7702025182152
7703616132532
75024956
7702006299145
7501006721119
7702129072250
7702014626926
7707363361481
7702044210744
7702045563290
7702417000019
7702011001771
7709353683542
7702314700845
7702152009193
8410013381010
7702323128012
7702506465484
7702014525113
7702425548466
7702889000692
7702993031872
7702057081027
7709990073836
7702167125147
3035138005693
37000762829
7702189045751
7702129045346
7702001042425
7707322030779
7702175108200
7702045489842
7702049101153
7790240017045
7702031967064
7704872005318
7702155029938
7702433290067
7861002940106
7702129041140
79400110695
7702433322669
7702532110280
7702014500240
7707773834094
7703616129495
7702004110572
7702007213874
7707195932712
7709990555196
7702272000063
7702532430784
7702433293143
7702534300016
7702354939427
7702354945398
7707773834346
7702532894227
7702085013021
7702045562736
7702215305682
7702044263276
7702026142681
715126900201
7804387001017
7702432472129
7703386000901
7701101356937
7707233460016
7702914595285
7702001047154
7702312090030
7702001045204
7702312280356
9333527334121
7702626204673
7702166037083
7700512231338
7703305129690
7804315001980
7703616135816
7802180088877
7702026177119
7702193149162
7702090029512
7806810015110
7861002400716
7703812004879
8850367300044
7702510937229
7702026178901
7501035010192
7707203351368
7591005996403
8410376037821
7591005994362
7702617488099
7702155031931
7707248812763
7702001041565
7702084127309
7702617021432
7709990143997
7702532312714
7591005995307
29000016071
7702870050064
7702552010027
7702215305576
7702830220049
7703517853796
42213277
7702037567930
7702196001672
7702137622416
7798090160065
7702402047111
7702007205046
7705326079688
7702425802865
7702189036223
7702044241748
7591066730466
7702433330305
7702007049398
7707773833721
7707363363942
7703562102047
7703517852768
8410971030470
7707203590279
7591005994621
7891150017344
7506195196984
7702014601916
7702113038422
7702025141029
7702045557541
7804330311101
7702175156799
20724986
7790314056598
7591005980754
80432400432
7502211161691
7702189052841
3073780460262
7702001042791
7702404005270
8413178315661
7707248320176
7703616076409
7702137007183
37000330868
20276157
7804315000280
7702622629159
7709536475964
7702535016688
7702129045735
4005808837472
7702001055067
7702090029826
7702489000498
7702044263269
7707225411859
7702020107136
7702001041725
7702014639513
7702298000993
20724955
7702129059169
7702020112017
7891008210064
70942003469
7703305131143
7707195240596
7702088142605
7702098022669
8585002432292
7703616273433
40000520412
7706477682864
5411681035000
7700708002315
7466762939010
7703812009720
7702044231008
7702001047178
7702014623437
7702024027577
7702434102048
7702532863155
8410406311006
7702215305415
7703616128726
5411916120839
7702001055494
7702004013491
7702090050646
80432402788
8432286004342
7707273452125
7702191663318
6937266701478
7501032990039
7702025131693
2502313000008
7702177020463
7702026178123
7804350596359
7506105604431
7804300122874
7702433298520
7702010130496
7702277060840
7703616273310
9333527279934
7707200710656
7702433304993
9002490222123
7804321091890
7702191161388
7709335802657
7709658467144
2500221000004
7702090025835
7705326075963
8004690052846
7702189040565
7702001115488
7702189051080
7702129044325
7703588000815
7707248322903
7702626204680
7702129006712
7702174076746
7791728018301
7705326075932
7707084500480
7705326020499
7707331403618
7707226571026
7702037564625
7707225411798
7702137006551
7702044242271
7702027477119
5000281036748
7705326079114
7702177008560
7702001117017
757956009013
7702085013496
7804320520001
7702025189243
7702001119844
7702098201774
7792756200324
7707300530994
7702001113095
7702225000218
7702215305699
7703133071055
7502211161721
7891024030806
7709990548181
7591005997929
7702006299398
5411681037004
7702090026757
7702166053366
7702026200152
7702044231190
3514123105667
7591005980709
7702189045782
7701101356098
7702434030143
7702193102648
7802180088884
7702026175399
7702018913978
7702175130775
7805025689000
61104410614
7702433322485
7702020052016
7702018874729
7702191657850
7707179310055
7702191660010
852230003005
7702137631814
7702137622829
7702532754804
8410023000390
7703588000389
8801062267712
7702010911545
6412709021301
7707268420078
7702175157260
7705326053268
7798039590137
4000521475000
7702024068624
7702277510109
38000846731
8000500009673
7702404005034
7591005577626
7707268420351
7702090020649
7707178441156
7702020112161
7703133024242
8424487600188
7702037871372
7703963007002
7798039590342
7702024068839
7791293012087
4000539671104
7707316230406
7702121001425
7702026328719
7702007038439
7702024048411
7702515000829
7702175157253
7701018067018
7701101356944
7703616162249
7702433330497
7702129043045
7794450088390
7702433292788
2987148000001
7702166053311
7702477707682
7506306243286
7591005997264
7709990234077
7702027044014
7501008616130
7702010611278
7702007036916
7702310048064
7702026200312
8410376042498
7702433330213
7702277144908
9333527144508
7703616128764
7591005004870
7702191162170
7702007030112
7702044211086
7703616273365
7703812012287
7702040027001
7899026462557
7702090023008
7702006299350
7751271015721
7705326081513
7702570000314
7702535009987
80052760
7702097032317
7702535015353
7702090006698
7804300010638
7707200710359
7702277000747
7702024040323
7702477422684
7702402051286
7502211160663
7705890030306
7707289635000
7702011081216
2951618000006
7891010974336
7702011026439
7709089888907
2502603000008
7702006300490
7703133072533
7700579054079
7703812012454
7702001117277
7702098037083
7702001050420
7591005006287
7702434080124
7702090031584
7702001045051
7705326020215
7702044242479
7702158805850
7702626203645
9333527279941
7707176356230
7506309840581
8410111007119
7702044210683
7506295388517
7702354940348
7702049100651
7705890010483
7709990080476
7702129075152
7703517854991
7702044230995
8410406321005
7804313112329
7806810800907
4000446001018
37000834694
7702004013675
7702097037121
7804320561431
7702425800847
7702026174866
78084117
7707061741127
7702123008842
7702001025169
7702047094662
7591005002241
7702573270127
7700604050434
7707203590286
8410412024006
7707229493080
7707773830775
7702914221207
7702253800002
7702020120326
7509552902747
7703147047176
7702277144922
8023678161288
7702024045304
7702129041171
7807910026112
7702010911620
7702047137727
7702037567992
7702870050941
7702027440922
7707349631010
7702047137666
7702137006803
7500435019958
7702020011037
7702044242202
7702001047390
8003535023218
7702532630801
7501032913199
7702129073066
8008698003688
7702129020206
7702532430937
7702026143411
7702310018241
7702037874236
7702049000517
7506306226654
7807910024651
7702090042818
7702313090107
7707773834711
7702007046144
37000762836
7702001041718
7702044263283
2500428000005
7702626204185
7791540127175
7702409010163
7702090047073
4011800049010
7707773830935
7702433322591
7613034258618
7702045557671
7804315002949
7702140025747
7702532430210
7702007524062
7702037875455
7702354932848
7702277442080
7702001082131
7707773835718
7702049000920
7591005980853
7702914116626
7702037901253
7702175018028
7702024015901
7703517853734
7702247011056
7702026062545
7702152102627
5000267102566
7703616081168
7702085012024
7702037874229
7701101320105
7702168213508
7702001050154
7702535010341
7702020011228
7701018004556
7702044236591
7702354012410
7701018064000
7702047038758
8437003969737
7702532630207
7702010311628
7702001055074
7804387001024
7702027440441
7702377000135
7702807482050
2500249000000
7702354946173
7702191000540
7707172310007
7702129025294
7702014601909
7702010382079
7702298004939
7702007228229
7622300116507
7707195241418
7591005995925
8410376037883
7702001054107
7703386000680
7702001050185
7702085021194
7804304000093
7702059602312
9333527145048
7707192730038
7793360812101
20725235
34000130030
7798074862091
7622210801173
8712000033545
7702045555806
7702098007062
7707066603628
7702746120013
7702433322676
2951613000001
7702090029567
7702007049176
7702026170240
8022840750084
7702044242493
7702113038316
7705890010469
7702354938345
7702189019264
7709990251852
7702020111003
7702434214000
8410013383014
7500435129947
7702129061087
7701101247204
7702155021451
7701101261491
7702025126996
7501438326074
7702354945381
7702354944193
7700604049704
2500674000002
7591005992542
7702454001543
7702047038765
8002235004091
7702310021340
8436011770519
7707036000044
7702510937021
7702001043934
7702001015658
7702001121748
5010327404059
8425589204120
7506306210912
7702047137741
7707350120121
8076802085981
7790580503109
7702993031865
7702001049974
2503497000006
7702914169004
7702027440472
7702177016442
7798074860325
7500435108256
7702001055050
7703812009652
7702001042715
7891010718381
7610400082532
7702007049411
7702049100613
7709990118124
7702024063971
7702189045775
7702609005396
7610400039796
7790762000952
7702168117004
7804449114570
7804300124960
7702011272706
7702098035553
7702175111248
7709990722352
7702007005592
7702433330589
7702097055729
7707361120042
7707225600147
7702020052313
3500610034589
7702014626711
7707194532661
7702213060316
7709183593998
8409730046180
7702196900166
7702090020854
7702700003123
7791540091476
7702007056792
7793440000039
7702914159500
7702097055712
7702626385013
3228022930205
7702001026951
2500506000002
7702535015346
7702037871389
7702047136058
7702098038325
7702433328494
7702024008217
7702323200114
7702420180104
2996143000008
7702045563214
7702177020340
7702914595292
7790189041910
7702037870320
7702047137789
7703812013697
19161010902
7804320746746
7702001041756
7707246260597
7709990883176
7702354944261
3614224050375
7804305001099
7798081661335
7702570000499
75058838
42332862
7702047137864
7702047137529
7702047038406
7702045562705
8413178282789
7702409011153
7502211162322
7702117008711
7791540126222
7702085002360
7709905548350
7702007004540
7702247010202
7707294780030
5760466738156
7702116002376
7891150017368
7702402855013
7703562102030
2500242000007
7509546066509
7702377013340
7702001103959
8437008383002
7791540091506
7702001086054
7702354940966
7702617487498
7506306205048
7702213077512
7702354931001
7702559010136
7702007056303
7702129045568
5010327000039
7702158805423
7702001117000
7506306205031
7702439008147
95188032400
7702010382062
7702535023204
7706591102170
7804380001038
7707179880107
7702398027432
7702417003591
5010327405223
7702001116096
7702433322614
7707195247007
7702433318525
7702044242158
7705929100093
7702090042788
7709131458492
8002270136559
7804315001072
7701101356685
7707226572009
7702020119108
7791250001673
7702031313595
7702113023152
7703812014182
7707365170845
7790520984524
2501576000008
7703517855400
9333527230621
7891010821807
7702477422660
7702277144892
7804340909534
7702433094092
7501086453030
7702001023516
7702113038323
7702626171807
7804380002264
7702196000965
7702433291958
2996131000003
7702047039229
7702047137628
7702215305583
7791293028774
7702001107742
9333527113900
7702277502302
40000464280
7622300683856
7706591101340
7709440338034
7702433289849
7702417003447
7702402046916
7702090039801
7702166051218
7702090025682
8411650053216
7702402050180
8413178317511
49331021094
7707313090133
7702552300111
7702020112062
2502418000002
7702044237666
8410225542186
7804320303178
7702277131113
76808002447
7702001045310
77940704
3500610006821
7702189045317
7702007040432
75027537
7702026177904
7703517853413
7707313090812
7702027429286
37000891291
7500435106405
7702129020305
7702037875462
7804300120986
7707066603833
7702277082712
7703147003691
8410866433034
80177609
7702025131211
3492390000086
7702402045902
7702137007619
7702129059114
7702314114093
7804315002222
7702433228794
7704872001990
7804305001044
7702129015493
7702398026992
4008455394114
7709990424249
7703616128733
7702123009924
7702007043402
7804315000587
7702011281180
7750526000185
7702001017317
7790240090154
7702312310015
7794450090089
7702090047042
2502402000001
7702506112227
7707331406107
7702166053212
7702001041411
7702129041324
2943829000005
7703348080088
7702433318600
7702024071563
6938294650363
7702492000768
7804320655246
7702477422622
7702001121755
7702626214566
2500323000001
7702047001806
7707268420344
7707300280059
7702993028261
7702402046466
7705890021090
7702001049981
80050117
7702277125778
7709990080414
2987147000002
7702137631845
7702044237031
7702433330725
7702001115204
7702037873857
7702084137858
7702433320221
7702129072458
70847004707
7702312100012
7707248816266
7704872001044
2502733000008
78924468
7702914555708
7701018062716
7702001072026
7703147101403
7702047022078
7703616077017
7591005001695
2500241000008
7703296000107
7702222000327
7708942182404
7703616128771
7506309864778
7702175158656
7702433299008
5000281055084
75027513
2503386000001
25293001695
34000003129
7702166005006
3607343816281
7702024025719
7707312650383
20247386
7808704700140
7702433228121
7702247012398
7702020215978
9333527148896
7702433290876
7702045563344
7707194539653
7702024046479
8712000017941
7702323200107
7707036000778
4011800801519
77091925
7701101247136
7891010025878
7707268420405
7702027429798
7702133461682
7702433305099
7702196901286
7702007058994
7705890040428
7702010781117
7702026178734
7501017005024
7702085001769
7804320706009
7707331406527
7702020107266
7610700612828
7501056340117
7702277144953
8410376023831
5000299295021
7702323128036
7705890020949
9333527003003
7790520989109
7702402046923
7702129010658
7702559021033
7501071901690
7705326077844
7702191000014
7703296000091
7702535018651
7806810800440
2959274000002
7702433292900
7702001100033
7702025133123
7702001116379
7702020112253
7702215305675
7703812009782
7705326073365
7702215305606
5010327325460
7709990555110
5244812
7702177019245
7702766099238
7804320985633
7703386000994
7707363367087
7702007205718
7702535014622
7703296000343
7790240072785
7312040017683
7702404006048
8410225542216
7701101244760
4008455458717
7702090027525
7702011031655
7702137677164
8690570538168
7700604035448
7702001043064
8410412021470
7792756010022
7702993029039
7702225000102
7702310010436
7702020052092
7702006299381
7501024523788
7702001020355
7703812101202
7702090053852
7707362397672
7701101261088
7707246260382
7702420999997
7791250001543
7896016604539
7705890011268
7501058630186
7703133070379
7702129020800
7791293025537
7702155048052
7707172300015
2500641000004
7794640172502
7702433328463
7702158805867
7702025103744
7702191001004
7702137204605
7702113023138
9333527334176
7702031967132
5000291021925
7793253471705
7702535023761
7506306226302
7702098005808
7702532610353
7702166009462
7702432016002
7702026311025
7700512233110
7702090029840
7702310010207
7702914551007
7703616163260
7701101261071
7702177020012
7702004110251
7790189000412
7702152007038
7707279500035
7804315000594
7702007032284
7798039590724
7702044243803
7702425802896
7703616128931
7705326075161
7702377000098
7703812010115
7804315002529
7702277081258
7702026320744
7707176356155
7702085013076
7500435129503
7702047137604
7509546053875
8004800005205
4005808377534
7702011084170
7702117011339
7509546074405
7702010921599
665106040208
7591005001114
7702402046220
7702354943332
7705890011183
7702011092991
7702032106790
7700604050458
7702014597615
8076809529433
7702010282652
37000874720
7702354945800
7702047038901
8410702004541
7702037566988
7702277037545
7702402050173
7707176353277
7709474710943
7790580221904
7702432003507
8712000030605
7702276001257
7702535011256
7702534100029
7702097068156
7802175000273
4008455394015
7707177136169
7702213061313
7702535011812
7702191661314
70662020036
7702277046110
7702318200167
7702433322560
7702222000334
884394007377
3035131451107
7702047039410
7703616131634
8000500023976
7706477683571
7702402050081
7707225600512
7707201151175
7501024546190
7622210854209
8585002432315
7709990303940
7591005994034
7702152101231
7707313090485
8004800005229
7702166044081
7702011021939
4008455394510
7707361120226
7700096000023
7702129074353
7806810013093
7702515000010
7702020040068
7702535014233
7702354931032
7804300010669
8412170022553
7702432003002
7591005996434
7703517855417
7702024015345
7702746066342
37000834656
7702137421293
7591005996304
7702402051231
7704872005547
7622210744609
7709990516616
7707061710512
7702626203720
8410095008423
7702032252251
7707066603802
7702049001507
7702166004337
7790762001348
7509552911473
7702025104741
7702020040082
7702059601834
7706477683212
7702026176914
8712000010249
7702037564618
76397030210
7702532312677
7706477682901
7500435137737
7705326054098
7702129018258
7702570000062
7702298008029
7702129043717
7705929100024
7702047137765
7702020052009
8412170020726
7702433290081
8410412058704
7702532430746
781344011012
7702377303120
9333527011152
80135906
7707178441583
7702059601445
7702037871365
7705326020918
7702535016787
7702026300906
7707233460092
7702090047080
5000299611401
7702090043723
7702700000757
7702001119837
7591005991989
8410971033785
7702433298742
7702090039733
7703616162867
7702433305020
7806810800457
7702024001546
7802180088853
7702535012086
7702155015818
7702560031175
7702024065197
7702152002231
7705326011770
7702535011713
7702903402204
7703616129013
7702433330664
7703616276533
8413202005018
7702166035010
7702532430944
7702045556827
7702026060619
7707361120202
14979510941
7707225601922
7702006299176
7702222001980
7590011151110
7702420120902
7705326082145
7610400068529
7501056330323
7709700965802
7702090029871
7702024047131
7707358310463
2502417000003
7702129046312
7702433298766
3514123105797
7702129003650
7702001044191
7702622624031
7702014514810
7702152106397
3514123105636
7702189050168
4014807202044
7509546061832
7702626215334
7506339394320
7702510937458
7703616162997
7891037013629
7702450014011
7804320746104
7702425805798
75062613
7506309837253
7702129041034
7702354944896
7702026179335
7702609006508
7702049100668
12354072398
7702746030183
7707197527015
7702477422677
7702137007701
8023678162322
7702014618044
7506306237100
7702277082552
7702433260343
7702298000214
7702277157328
7702090047066
7702097036643
7702402045919
75034238
7790975001555
7591005994850
7702001100026
7702090047035
7801222000211
75058845
7703588000679
7899026462632
7702354110314
7702137302073
7861002901275
7506195171912
7702037871938
7707225600451
9322214008988
7709087446444
7702020107150
7702323128425
7702011076236
7509546078397
7702129044301
7702044016520
7506105604462
7702277046257
7591005998292
7790240072808
7702113038569
7702215305798
7707038112523
7804449104021
2500248000001
7702277155201
7707248812121
7702025103904
7705890090126
7707773834360
7702001046515
7702914159302
2996142000009
7702010881480
8410412024013
7702044211703
8425545174153
7705326020666
51135812327
7702433281294
7702433330688
7702354946302
7702398028750
8413472050954
7804313112411
7622210875068
7702433305075
7702116000297
7806810003353
7702377303113
7702189040237
7702377001453
7702113025064
7591005981515
7702001114856
42332947
7702006299831
7702090029581
7804300120214
7702024026785
7707172301227
7707179880459
7709972878886
7702189011480
7702196900142
7707172300398
7702277500070
7702377000104
7750765002247
7702044236980
7702026175375
7702323329020
7703296000480
7702137636888
7707197521501
2500425000008
7702129045315
7702001114849
7702191661284
7702129003407
7702007212501
7702024076636
2951609000008
7702433330282
7702433292122
7707322030144
7792756200331
7702044254441
7702560032004
7702251052151
7703616133492
7702108205877
7702914116565
7707363363881
7702155042043
7702044242240
7702433321969
7703296000473
2935096000000
7702047130322
7707268420030
7702047021934
7702277000990
7702090044270
7702113018912
7702535022535
7804414006459
7702420060604
7702044257244
7703812010610
7702914111508
7702993029978
7702020216180
7702425807242
7702129020589
8410023000031
7702166004313
7702354941567
7702402050234
7702354944339
7707269601919
7702298007961
7702020178402
7702420122029
7702402050265
8410376010701
7702433330510
7707313091369
7702044242530
744607002318
7591005993402
7702011274748
7702010611940
7702177014035
7702433328531
7703812004862
7702137007640
7804305002041
5000299611104
20725044
7705890040121
7702037810050
7702020119115
7702570000680
25293600904
4002103248651
7792319656131
7702433322577
7702433298926
7702001101450
7703296000565
7591005577718
7702097037190
7702494300613
7707304420604
7702044241700
7702007057997
2500429000004
7702001018888
7702215301509
7701018007519
7754487001663
7509546029153
7702432005709
7703616282824
7501017004409
7702010881510
75026608
7702189040541
7702020040020
7703517853703
7702004002877
7702535005910
7702367002620
7702433305112
7702090041316
7703616129549
7709183593974
3211209117964
7702088142612
7702090042801
2500459000005
7702011091116
8003325603521
7702158806048
7501032928650
20724948
8410406821000
7702889000746
7702129026307
7703616076416
7501438301897
7591005677814
7702168114003
8410376037784
7702413000266
7500435116091
7702914112055
7702024034186
7702085013120
34000239290
7804414012672
7591005996939
7702377000500
7705326082152
7702001014125
7702174066938
7702007002683
7702001017348
7702354944926
7702433328524
7702354941277
7702001119882
7702037873567
37000740643
7702225000195
7702247010141
8002270021060
