7702129072809
7804414004417
7702570000499
7702010310010
7702560037580
7804305002041
7702206010861
40000394129
7702129045322
7703296000121
7702535014448
7702402045230
7509552806441
7702277047315
7702166053311
7702626216997
7701101260852
7702420060604
7702037566643
7798159560089
7703616076676
7702166005051
7591005992559
7707211631209
5244812
7702001121762
7808704700140
7707363361474
7707313091130
5010677850209
7707200710656
7702024062547
7702277120162
7703812009416
7702010911620
7702609006508
7707061730435
8003535022778
7804300010614
7702137623000
7702746030190
7702113023213
7804300123277
7707192730014
7702027440472
7705890030245
7702193171002
2500428000005
707273607256
7702010130496
7702370006110
7798104760328
7702044236225
7804300010645
2501657000002
7591005001046
7702001117543
7704872008296
7702037874625
7702193172009
8413202005018
7891010974336
5000281003160
7702084127217
7591005993013
7702011083999
7702489000139
20725235
5000396036152
7702007055269
7622210863690
7702001121625
7506306233249
7702189012869
7707322030748
7705890010476
7702129020756
78600010
7703562107721
7702001116089
7709990901139
7702433228138
7707322030106
7702532430937
7702024076636
7707061730435
3147697523904
7702104010147
7703386000994
3245990969402
7702747000420
9333527334121
7702189040541
7702420180104
7703517852768
7702129044325
8007880310702
7709990901146
7702191161401
7702044242479
7804300010638
7709953119670
8413472059117
7701101247297
7703386000048
7707331406589
7702914112567
25293600904
7591005981027
7702025138456
2502092000008
7702626217536
7702433322430
7707066603598
7707031080188
4005808829675
7500435116718
7702108205877
7702129020350
7702538262426
7702104010406
7702433330480
7702049101078
7702433322454
7702137631845
7702914111508
7702433304986
7703296000046
7702993031216
7702377013098
9333527038210
7798039590724
7703517854991
7702413000266
7702001042708
7702098007062
7707351430267
7703616128726
7702532312790
20037116
7702001137930
9333527033024
7702004110022
7703963206917
7702276002551
7702993026779
7791293005010
7702210001206
8423339924014
42332930
7705890020451
7702914111300
7702090041903
7702011023346
7703348902885
7702746010253
7703296000084
8411650053193
7591005998544
3035138005655
7702090041316
7702085013069
7702277066682
7702010382062
7702409012273
7702189011251
7702137007640
7702085014288
7702277183174
7702090041729
7804305002133
7702001046515
7702166004184
7702535023389
5411916120952
7702626216140
7790189001129
7702914159005
7702026200855
7702535022511
7705890090034
9333527217660
7703616164151
7702402050180
7702354941277
7706591102170
7702001050185
7702026178734
7702044016339
7702155048779
7707185450028
8023678161288
7707084500480
7707225601953
7702129035279
7891010038953
2501622000006
7702047137468
7701101247327
7702090029567
7700512231338
7702026178833
7707066603772
7702168219005
7702914114004
7702626202792
7705326053268
7702001115495
7707773835718
7702090025835
8076808150072
7702622628008
7591005996434
7702090041316
7705890020468
7702535012857
7804305002133
5000299611104
7709536475964
8410971031903
7702769036216
7702049001507
7702001046423
7896016604539
7705326082152
3492390013406
7705326077844
7702377303120
7702191161401
76808002447
7702020117012
2996155000003
7700512230324
7702535012857
7613035202337
7702085013496
7702310010207
7702532380317
7702026202040
7702020120180
7702090044577
7702090029581
2500287000000
7791293037141
7702323128043
7702277442097
7707172301326
7702011083999
5010327000039
7702037851022
606110365208
7705326077301
7702433289887
7702189045782
7705122002361
7703616135823
7702993031216
25293600911
7702098005808
7798159560089
2502382000008
7702532313520
7706667003011
7702045557671
7702404005041
7704872005400
7702433314237
7702001119851
79400052926
7702090044584
7702166060005
7702011271433
7709402261554
7702603071083
7891150017337
7702129017756
7702189040541
7707248320053
7702037851022
7702314700845
7702045556629
7501035013483
7702001045075
8001110016648
7613035191792
7891010895525
8809033594270
7702433314183
2502806000003
7702191663318
7702377000135
7804315003892
7707200719895
7702354016234
7804636053668
7702027426629
7702168269055
7702001115204
7702276002551
7702059602664
8003535026578
7707331406527
7707179310024
7702129059114
8002270015991
7702433322478
7702001117536
5000281005430
7702047037546
7702251018607
7501086453931
7701018002019
7707226571026
7702535022177
42000198
7702570000598
5000267014609
9333527115522
7702004110572
7702277121497
25293600904
7702088165048
7709990368031
7702166041028
7501086454181
7891024136089
7702417002464
7798104760328
7702191162200
7702024040187
7702001100118
7702155021451
7709183593905
7702166007314
7622210108395
7702714600301
3607343816373
7707066603697
7702001014125
7707036000778
7798078235440
7702402046466
7702001023509
7702434101034
7702535011256
7702398027623
7501032990022
7702129044622
7702097039767
7707061730428
7702433229746
7702026143343
70942018401
7702354945800
7703562108056
7702007057997
7701101244807
7702177014035
7702059602831
9333527017246
7501032990022
7701101280638
7702090047066
7700579154014
7702085013069
7702323200107
7509546077512
7702313946336
7702024059653
7702404008080
7702001047390
7707248320671
34000003662
7754487001748
7591005996304
7702532370912
7702277121596
7702177001783
7707248817850
77010520
7702177010433
7702433289795
2951617000007
8410869450038
7702011091116
7807910024651
7709719930853
7700618020430
7702090044287
7804636053651
78084117
7702277112938
7707331403601
7702626205472
7707248320046
7702433330725
5410471110774
7709335802657
7702137003567
9002490206666
7702175141214
7703517853734
8004800005229
7702511000984
7702059601339
7702622226143
4005900036759
7702570000062
7591005981515
7702026333430
7703386000024
7702535022856
7791250001543
7702398028361
7702129045780
7509546066172
7702129072250
7591005996731
7702085003176
7702117007875
20725464
7707203592914
7702044237628
7702313544334
7804315000235
7705326077301
7500435019521
884394007285
8023678162322
7702010660306
7701101247648
7509546074405
7702001072033
7703812007559
7501017005000
7502211160694
7702532840187
7502235820840
7591005997141
7702011091130
7702007042290
7702155042050
7707197722038
7702129025294
7702903209209
7702137624625
7702007030143
7707331406381
7591005993402
7707335283483
7701101261088
7703147053696
8409730024928
7702001041749
7591005994645
7705326077837
7702573995242
7702626168203
7702044211703
7702090043662
7702010280276
7702298000214
7709990080490
7702215305859
7702433298926
7702010921537
7702454001543
7707268420108
7703616135823
7702433305006
7791540044502
3514123105650
7506105604462
7703616133478
7509546066776
7705326079688
7707179880558
7703616273365
8412048962073
7804340909510
5000281004020
7702432016002
7703616131634
7709990516616
7622300116507
5900020028082
7591005006294
7702626216164
7702166004023
7707351430274
7702277037545
7702192422051
7702090030808
7702047137864
7750526000147
7702113023169
7702108206942
7702532370974
7790975000183
7506306205048
7702506111961
7702026143374
7703812007559
7705571141574
610395953395
7702104018921
5010327907246
7702037567985
5060108450515
7702001062263
7804350596359
7702137003048
7702432075030
7702037870320
7591083017793
7702129072342
7701101357187
7506306226302
7702870104118
7804449104021
7707314340367
3500610093708
7709990532432
7791293025537
7702433290753
8004800005205
7709131458461
7591005997134
7703616090825
7702044233002
8425545117624
8410702004558
7806810800457
7702137004564
7702001019885
7702001055074
781344031508
7707194530247
7702515000799
7702191001011
7703812012690
7702024048411
8410412024860
7702024040026
7702129043052
7703517852317
7707066603826
7702417003447
7702506465484
7702510937229
7709458145853
80432108703
7804340909510
7804300136475
7703616128924
7702007030143
8412048952074
7709263021922
7705326020406
7702298000214
7707304420079
7702532110280
7702108203507
7702766097937
5011013100156
7794450088338
4000539689703
7804320411149
7705326075963
7702129025201
7702277121497
7702090020649
7705326070340
7702020017831
7506306226654
7702024014911
9333527066619
7702277000778
7790975001555
7702001117543
50196364
7707254796187
7702766098118
7702090028584
7501032923679
2502441000000
7702402045896
7702433291958
7702433324618
7702766098064
3046920028370
7702120010145
7702433330497
7702010911545
4005808377534
7709990555141
7702433293129
7705890021168
7702027440472
7707254790253
7702433327213
20725228
7702354944902
4000411016238
7702215305675
7702001086337
7701101261491
7702298000283
7705890021090
7702020107204
7702113038552
7702425802896
7702129045735
7798039590342
7701101356166
7707225601953
7702025189243
7506105606091
7707314340367
7500435143486
7702045556629
7709990350470
7703812003209
7702047001516
7702626217000
7705287002633
7702129045568
700083726452
7707268420054
4005900036643
2500373000006
7790240072150
7702433328524
7702129042178
7702129019903
7702175108408
7702506111961
7702044241748
7509546650616
7702025141029
7702417003331
40000458708
2987116000002
7502211160762
7702045557640
7709087446444
7702215305590
7790520989116
7702155014637
7707211630912
7703616093604
7798159560157
7702049101078
7702626216140
7702192224051
7702166053052
8023678162322
7702433298810
7702027434068
7702129072458
7610700626764
7702535019818
7709377767075
7703562004181
7702044236225
9333527334183
7702215305361
7702011065476
7702174077552
7702354930998
7702024046578
7804305001099
7702001101467
7702001122028
7707194530223
7501017004409
7702225000102
7702084137537
7702215305699
7702433322423
7707773834360
7705890090126
7702014626926
52100274621
7791250001758
7707195246451
7707238230188
381519181504
7702603071649
7702045556810
7702354944193
7702215305651
7702354946302
5011013100156
6412709021301
7702001047604
7702559010136
51000000071
8006030005925
7707773834353
7702903001223
7702014640052
7702001100125
7706800923183
7705890090188
7702129035880
7702277046103
7703616129143
7702532300124
7703111002460
7705890040435
7506105606091
7702085013052
7702028000361
7701018065854
7702889005192
7702609001855
7509546063331
7705326077844
9333527017222
7702001116560
7702573270127
7891150017344
7704722000012
7702417003591
7702914159104
8410971912820
7501086453931
7703588000815
7702049000920
7702433322485
8410406111040
7702026143404
7702626203652
7703616164878
7702404006048
7896016604539
7702025121700
7750526000031
7702001050420
7702050031999
7702001041565
7707363368558
7891150008953
7707185450028
7702433289719
7702433322638
7702174076746
7702870050064
7500435122016
7703348080088
7702090032789
7700579154014
80052760
884394007353
7891010501105
7702024045304
7702141003997
7750168000581
7703616165004
7702889004812
7709990555196
7702057076696
7704872004779
3035130018103
7702535006863
7702001049882
7702057081553
7703616273457
7702870101643
7702552400125
7705890011541
7703812009720
7703296000718
7707358310449
7702434030099
7702277080343
7804300011512
7709990080476
8004690087633
7705890010483
7702024027577
7702433298568
7701018002125
7702024047131
7702113016529
7702570000130
7702045562705
7702001055067
7703963007002
9333527145062
7509546074009
7702024068594
7702177007341
7790580503109
7707313090195
7709990118124
7506306226302
95188012402
7896451908759
7702310021920
2997896000000
7707176352614
8410971033785
7702603071625
7702247010240
7702152006406
7702192000181
7702409010163
7703386000581
7702766097937
7702129005159
7702129044622
7798039590137
79200003364
5010327904214
7702140025747
7707294780061
7707269601919
7702354944193
9333527217660
40000464082
7703588000174
50196388
7702129020756
7501008611135
7702433299176
2500239000003
7702001041756
7703812010115
7702532312677
7501031303632
7707773834346
7702889002702
7502211160779
7702398028361
7702570000680
7502211160175
7702425802896
7705890040435
7591005577718
7701018067018
7622210653246
7702532430210
7707195932712
7702532300124
9322214007400
7702714100061
7706591102088
7703386000680
7702189051653
7702020120210
7702425548466
7702323128425
7702277111450
7702031604181
7702001044542
7707248322408
7702026175399
7703386000048
7590011105106
7702050013339
7506309840581
7702007056792
7707192730328
8423352204407
7804449000583
7501233711938
7702166053052
7702189052377
7790189041897
7506306244177
7702168214000
7702044210683
7702559021033
7702090029819
7502211161905
7707194530209
7704872005424
7891024115862
7702007512557
7705890010445
7791293025537
7702766098064
7591066722027
7702011048172
7701101356937
7709990892321
7798081660406
7702025185368
7709990080452
7702026177904
7702434080025
7702090006698
7622210108586
7701101240403
7702011281180
7702354939748
7702084127309
7702026060619
7702276001288
7702535011782
7702001047390
7702889000692
7702001028771
7702377012411
8410310602702
9333527144508
7702152100845
7702010881497
7702007022735
7702535022856
7702090031065
7702535021798
37000834656
7702037869263
7501009222767
7707178441408
2997868000007
7703616133010
79200912338
7702047001851
7702020112093
7703963007002
7702914116565
7702177020326
7702001044115
80432402771
7702433289894
7702026333423
7702027402821
7501058715289
7702161002000
7702004002877
7702434102048
7702001103959
7702026144111
7702535002025
8412170011434
7703305129690
7702037873857
7702001062218
7702409011740
7702433301268
7702277157489
7500435106382
79200003364
7709357224314
7702402051231
37000834656
7702433318495
7702535016688
7702011003140
7702535016688
7702189052841
7703147003691
7707237070044
7804320985633
7790240072785
7702433290869
20725211
7702137005455
8426322428933
7707240301692
7702535014233
7702189019356
7501057015427
7702433289948
7702037567992
7702010881466
7702027429798
7702191161401
7702037858014
7702001055494
7702097031327
7804315030027
7702025131211
7702129045742
9333527017222
7702047039083
7707203594949
7702433314527
7702014626605
7702417001047
7702020040105
7707875653227
7702515000638
7702434205107
7707194534160
7702432005709
7702020107266
9333527066640
8410013999369
7702570000826
7702024053224
7704872005318
9333527230621
7702006299145
7702024985426
7702113025231
7702152031941
76397030210
7591005677807
7702277045984
9333527043344
7702251018607
42213277
7702129043168
7702313946336
7702001055050
7702914116565
7702026175399
7702993030073
7707203357063
7702377012756
7702277137252
7702215305385
7707316230260
7702354938338
7709972878886
7509546045344
7804320746104
7702001020072
7793126000667
7701101356920
7705890010476
7702433328531
25293001374
25293001701
7702404005270
7702024014829
7804350000382
7702001114047
7702129015646
7702155015801
7806810015066
7700604049346
7500435113441
7702354005894
8409730046180
7702433330541
7707194530995
8410036009090
7702090049046
7702121214160
7702011070869
40000464280
7702133006647
7591005981867
7702129005173
7707313090119
7700579154014
7861078301931
7702189019202
7702020011310
7702425805774
7702129072571
7702085013052
7707289635055
7591005006294
7703616276533
7700872201019
77093189
7702420999997
7702001101573
2501077000002
7702196001672
5000299295021
7702433330619
7702011083722
7702129072304
80432402771
7707248327717
7707172300398
7702191349489
7798039590342
7702020011310
7707201151175
7707200710656
2501043000005
2502620000005
9333527239082
7702113038613
7702129059114
8409730017302
2502402000001
3211209117964
7702993022870
5011885010478
7702323128036
7891037013629
7703812003209
7702626204697
7502211161301
7700618020423
7702004013675
7701101244791
7702129045353
7709990570052
7702129015493
8410376033267
9333527379696
7707248320343
7804315003885
7703147503627
7703616133485
7798074860226
7750765002216
7804340909039
7702807482050
7702155029938
7702024064770
7702047137468
7707176356742
7702024025719
7702434214000
7702377000098
7702121000220
7702323128425
7500435129947
7702402050081
7702174075787
7702189011473
7702090022780
7702377005901
7702007216127
7703296000718
40144979
7707203592921
9333527190758
7703386000048
7702189039507
7702552010027
8410376037784
7702084700267
80741244
7701101246276
7702037564601
7702191162200
7702045556667
7702004110282
7702129061094
7702027426629
7702001101474
2500429000004
7702903004965
7702532911672
7591005981195
7702425804746
7702626210124
7707200719321
7702020052092
7702084137414
7702433330688
7702137471281
7702766098064
7702189052797
7702085003428
7702433298476
7707225600512
7702044242271
7702020011310
7506105606053
7591005981027
7702090044287
7709669992765
7891150044654
3258431000008
41015438
7703616076416
7702213060316
7798074860325
7702622628008
7703812000031
84279993638
7702402855013
7804315002406
7702026178901
7500435126533
7707300280028
7591005002241
7702310042260
7702049101078
7702425802872
7702354946111
7702541000183
3211203444103
2506386000002
7702626203898
7702001062218
7702001041978
7703812014182
7805025687570
7707248323665
7702560037849
7702001047000
5900020028082
8412170013766
7622210754288
7702129020350
7703296000060
7702425803039
7702010880797
7702109011996
7707036000785
7702097066558
7702059301017
7702010281327
7702626201788
7798078236317
7707203350972
7707061710635
7707238230171
7702011092991
7703812009782
7702377001651
7702277045847
7709357224369
7705326081513
7790314058806
7702044259750
7707176356230
7703616164489
7703517852768
7703147190711
8432286003710
7790520985569
40000015024
7702014620412
7702024026785
7591005545038
40000514206
7804300010669
80432108703
7703616276632
7702026177355
7707313090768
7702090016482
7707195249704
7703812011075
7709791481137
7791540140297
7502211161882
5010327405223
3263286301385
7702001044122
7702626203478
7702007524086
7702090025828
7702001054121
3514123110180
7702535016220
7594003626624
7702045556636
7798074862077
7804330003624
7702175018011
7702088142605
7707248812763
7702433299169
7501056346188
7707195246451
7702090020847
7702007049398
7702903004972
7702025121700
7702215305606
7509552806489
7790520985576
7702011051936
7702011004451
7706772100421
7702312160016
7707248810387
9333527066633
7702433314527
7702535015353
7702433330213
7798081660437
7702001114856
7702433292832
8410866433034
7702001048076
7703812005623
8436011779284
7702511000427
7702420120902
7702026032425
7702001041756
7804320064949
7702001117567
7501017006038
7702109000303
7702085013427
7702129017107
7702532312714
7701101244784
20725273
7707326790037
7703616163444
7702025140534
7702090044577
8425589204120
7804305002034
7702432075344
7702535022160
5760466738156
7702402045889
37000018704
7709669992765
7806810013093
665106040055
7501001170080
7702560037573
7703812009720
7707240301685
7750526000017
7702020117012
7702276002551
7702626214832
7707192730038
40000514251
7702001053223
7804320555959
7702189051127
7754487001656
7804315000693
7707061711212
8432286001563
7702037566643
2502593000002
7702001086337
7801810713110
7703812009782
7702001046522
7702090043662
8007880211009
7702177020326
7702020120296
813805002298
7702532630818
8410971412009
7702020216180
7707172300398
2935034000000
7753442351034
7702020040006
7706772120399
8414219001000
7509546074009
7861002900117
7702189040510
7707268420030
4008455394411
7702914594448
7804300124977
9333527145048
7703147007125
7509546074009
7703616076676
7702191661307
7804636053651
7702215305446
7702425550469
7702090048810
9002490100070
7702626203720
7702031563327
7702047137468
7702006201568
7709367544747
7896292300545
7702191661314
7702090042887
7705326018694
7702085002360
3607343816991
5010327000039
7701018065083
7702007043426
34000239290
7702037873949
7622300134075
7702090032017
7702318200167
7801810712663
7702024068778
7702090039801
7702354943820
7703616129563
7702108207093
7707365170555
7707184640017
7702044242196
7702025186969
3492390013369
7702617021418
7703616164892
7702175156874
3514123105629
7804414004417
7702129061056
70942003322
7702044204668
7702090031966
7702377303571
7702177010433
7702367002620
40000514510
7702914550505
7703517853796
7702993026618
7702020011266
7702914112031
7702903402204
8410971140155
7702010382062
7705326081513
7702189050182
7702313624333
7702532370974
7702123008859
7702215305828
8801062267675
7702010112003
7702433318570
7702158850423
31142000115
7702534400013
7702090033601
25293001251
7703296000343
7702035432339
5410228144755
7591005992559
7703812003780
7790189001129
7702024045267
7702277046257
7702914222020
8437008383583
3607343817547
7702222000327
7702175111194
7702402051286
7705890021014
2951611000003
7622210863690
7702746030312
7707225600130
7702007030112
7802175000273
7702090042832
3147697523904
7707313090133
79400476692
7501024523788
5000281003160
7702189053787
7702007009873
7705326074454
7702001041701
7808725400166
7702026311131
7705890020680
7702047137765
7702404001289
7702313825334
7790240017052
7702155044368
7591005994362
7702044242219
7702129074445
7702113023763
7701101250204
7702535010341
7702014597707
7702001047154
7591005992740
7702037873758
7702354002923
7702044242271
7791250001543
7703616129143
7702129011044
7703147190711
7702433297073
7702231000516
7702192422013
7702014592023
7702026147679
7702010382062
650240004292
7591005006287
7702010881213
884394007377
4005686003198
7702609005396
7702001012053
7705326082145
7702434030105
7790189042832
7791203001699
7709371070980
7702044181600
7591005992566
7702001053841
7702354945800
7702024071167
2506611000005
7702007228229
7702024071563
8410412020688
3514123110197
5760466738156
7501032913199
7702097039774
7702432003507
7702035432339
7707248325010
7509546029153
7794640172236
7702417001016
7702047129913
7509546074313
7707203351412
7500435129510
7707225600147
34000133185
7702310021852
7808704700140
70847004707
7702417000897
7702037800853
7702020115100
7703147073342
7702534300016
7702004013668
7705326076595
5010327025131
7702020101639
7702310016070
8412048962073
7798141877089
7703133081054
7702001062263
7702037873987
7702024025030
7891150017337
8437010799396
7804320656243
7702532840187
7701101247648
7705326018717
610395953395
7702189050168
2987120000005
7702433305136
7702312170015
7804350596359
7703616090719
7702129059169
7702714600219
7702026300906
7702167125086
7703562107844
7702434701548
7506339337525
7702090031065
7702090047042
2946813000005
7702085043066
78004498
8425589204441
7702603071656
7702256012303
7702001042746
3500610005992
7702177010266
7702084137520
7702059602312
7703812000420
7702109000303
8004690052044
7703616166384
7702277144892
7707331403939
8420342203013
7707316230581
7702011271273
7702129075107
7702097031327
46500716935
7702402052313
7702004110282
7702129041522
7702377000050
7702277000747
7506339394221
7702025103829
7702137471281
7707325845141
7703176003518
7622210427106
7509546065823
7702129030243
7702020216036
7702006299176
7804320064925
7702535011256
7702098038325
42332862
7509552916089
7702433289795
8427926100782
7702024071167
77940704
7702027429286
7702037567930
9333527115522
7702026175344
7702277046257
27578200250
7702277046097
7702097036650
7501017005765
7702433292962
2501659000000
7702189026095
7702914116565
7790240017052
7702047137864
7702168255102
7622210744609
7702402050487
7702177020012
7702189050137
7702026180256
7707178441408
7709990555196
7702090039436
7703517853703
7709131458454
7702049101160
7702196000934
7702433289894
7702047005330
7798081661335
7702215305514
7702001116980
6938294650950
8410013009761
7790520989116
7702140025747
7702189011251
7707313090195
7702090031928
7750243043960
7702001119875
7702020052313
2502382000008
7702059601834
781344016550
7705326020437
7702037871891
7702090033977
7501086453030
7509546077512
7702026300937
7702277144298
7702090033601
7610700626764
7702007049398
7700096000023
7702014626711
7702354940041
7702535023389
7702010631832
7702037870863
5011013100156
7702001134410
7702914551403
7702129075107
9333527021786
8410591003601
2959274000002
7791728001075
7804305002041
7703111002460
7702090025682
7701101320105
7702001049905
7790240090154
8410113003027
7500435116091
7754487001663
7707358310470
7706772100421
7591005992542
7702001117277
7702085012062
7702044211048
7702137622829
7702425804012
5410228144755
7702193505258
7702006202930
7702129006132
7899026462632
7702535014233
7702129044301
7501035042322
20725426
7701101280638
7702090037739
7702155044344
7802180068169
7509546061832
7703133073509
7501032906337
7506306205789
7702166048003
7702014500240
7702006150064
7702001049974
7702155038503
2997892000004
8002793010213
7891021002592
7703517853017
7702914594462
7702090044584
7702377012657
7709990368055
7702626217543
7790520527172
7702439007126
8437009934272
606110287760
7501032923662
7702870050019
7506195171912
7702433228794
7702011048042
7702532430944
7702113023732
7622210110251
7702189050151
8410412028387
7702001121779
7861002901855
7709972878886
7705326079510
7702037875455
7702045556827
7702511000021
34000003129
7702037871389
7707195246475
7702433293105
8410376009408
5010327025131
7703147190711
7702433330701
7798039590724
80432105528
7705890090188
7501024523788
2996155000003
7702026176914
7707061711212
7702433322522
7701018064000
7707361120080
9333527113917
7702088163587
7703133072281
7703305131143
7701101356166
7707203350064
7702626216133
7702090020649
7703616164069
7702001110780
7706477683564
7702129045315
7705890090157
25293001374
7702037912792
2502391000006
7702047039014
7702090029543
7703616081182
7502211161301
7509546066189
7702044239493
38527590117
2502382000008
7707773835718
8410412028400
7702113022292
7707322030090
7702175111279
7703147503627
7703296000718
7502214738913
7702129045346
8424659010166
87187366
7702189052445
7702001011308
7702298000993
2506680000005
7702433290876
7804407001768
9333527066619
3607343816991
7702175130775
7506105604431
7702045489835
7702037873796
7703133070393
7804320985633
7702993026779
7702191001240
7702177020166
7702044237031
7702609006508
7702129017107
7804340909534
7702515000041
7702714100047
7702027440922
7703616135816
7700512500052
37000330868
7702168213508
7702191161388
7751171550056
7702433228817
7707066603826
7804304000093
7702914112567
7702129044394
7702037869676
7703147101403
7702032252251
7702045563733
7702090042054
7622300986421
75058845
7702037800716
7702870104118
5010327205199
7794450090089
7707304420659
7703588000211
7702746040021
3147697523904
7702001121779
7861002901275
7702298001259
7703176909612
4009175169730
7703616076805
7702026311131
7702298004939
20725280
7703616164892
8425545117624
7702166053243
7791540140297
2946816000002
2502619000009
75027513
75058838
7702434701548
7702137302073
7703517855455
7702090020922
7702097039514
4037719065729
7703812009270
75063092
7702010781117
7702177020357
7702277060840
7702010130663
7702312200019
7707038112523
7702433330510
2500255000001
7500435128599
7702001042753
7707172301302
7703296000473
7702037873796
7702113010787
7702004013484
7790520552006
7702137302073
7705890021052
7702059601322
8412048962073
7702993028261
721059001311
7702432003002
2500249000000
7702090020496
7702532430746
7702025126996
7702045489835
7702532720373
7702007022711
7702001086337
7702276001257
14979510637
7804305002041
7702001047178
884394007353
7703616161839
781344016550
8850367300013
7591057001025
7702129042161
7702535006764
7861002940106
7705326020499
2996134000000
7702001103959
7702024014829
7702020112161
7703616078533
7702020212052
7702010225123
8888003090301
7702377005857
8410376024326
7702168241105
7702277145042
7707773834100
7702175111262
7702113033694
8437008383828
7591005005495
3262151059758
7702001114047
7702158805805
7702047038406
7702014500448
7702024068624
8409730046180
7702189051653
7702746066342
7702001101481
7701101261507
7702433314251
7702026200855
7804321091906
7703812013543
7702354945381
7501056340117
7702025133123
7702140023545
7702626215334
7703616164014
4600682009450
7702018874729
7702312100012
7702175104226
7702037564618
7702014702200
7702433327145
7509546066196
7702001119813
5010677850209
7702090039986
7509546064673
80432402795
7703305129690
2501622000006
7702511002391
7702354940966
7703616129501
7804305002041
7702090041491
7791540127175
7702037567985
7702174072175
7701018003511
7798074860240
7707272490258
5011007003005
7702020052344
4013197767010
8410342004901
7700512236098
7702277126010
7702189046680
7705326077844
