7702057105228
7793126000674
7702409010163
7702001100057
7702914595285
7622300758936
7702045562736
7804300139247
7702037901260
7702559021132
7506306233249
7702001029716
7622210754288
7702084700274
7702037874625
7702026177669
721059707503
7702189000392
7702097039774
2502121000009
7702177010433
7702402049030
7702626203720
7702215305576
7700579165447
7702001018444
8414716011274
7705122001005
7702155048779
7702026179366
7501839105247
7501438326074
7707773835268
8002270015991
7703616162249
7700512236012
8000350000585
7509546650623
7702014627169
7702024064510
7703133070393
9006900013974
7702312160016
7500435122016
7702001047178
7702714600295
7790520989109
7708965796916
7702047001806
7501032913199
2502438000006
8409730017302
7702277045984
7702166004023
7702090025828
17500081026
7702277155188
3492390013260
7707233460115
7591005545021
7707179880060
7702914112567
7702603071083
7702020052016
7702026032302
7703812007559
7790520985576
7702044242196
7707294780047
7702090044577
7509546650401
7702001116065
7702708013582
7702026176884
7707176356230
7702193172009
7702433322591
7709905548350
7622300051839
7707203590262
7703111002477
7702277120162
7703133073509
7702121000732
8410406821000
7808704700140
7702037871341
7702001055067
7702137636864
7703616163260
7808725402818
7702903409227
7804300010645
7702409010545
7702097051325
7702020040099
7702433299176
7709263021922
42332930
2502313000008
34000133185
7707226570012
8033102690062
7702090042818
7702354940843
7702532450638
7702044243667
2500248000001
7502211160175
7702024007067
7702377000098
7702044252881
8410412504096
7707248327434
7702129035859
7703616160917
7702312170015
7702746066342
7702129015400
9333527033024
7702044242493
7707773835749
8412048952074
8420342203013
2959274000002
7501017005000
7707084500503
7702622423559
7707036000778
7702088142612
7798074860325
7702903421601
7791250001758
7703562107738
7702026175399
7707322030144
7702108206942
7707773830522
7702535022177
7702626217000
7702037566650
7790240017052
5000146060178
7703812003209
7702433289801
7804321028346
7707061710635
7707361120233
7804305002034
7702026311025
7702010881213
658480001101
8436011770519
7790975191331
7702532734776
8410412021470
7702037869232
7702398002156
7703517852584
9006900014001
7702535016688
5011885008338
7701101270349
7703616078656
7702133862809
7702354002930
7804315002529
2943829000005
9333527217660
8410412021463
7702417001306
7702535002063
7702020113014
7707211630912
7798078230643
7702129014175
7707201151175
7702535006863
7702189049131
7702026143343
7702425800847
7791540126222
7702044231008
7702084127309
7702047137482
7702603071649
8425545117624
2502725000009
7707194530995
7509546057415
7708992479462
7707203592921
7702044239493
7509552801316
7709990368055
8410971033785
7702090042795
7703616164465
7701101246900
7804300010669
7702510051857
2500220000005
40000514206
7702031376712
7707313090140
7701018003504
7702189017604
7702044210096
7702560037573
7702766097951
7790975001555
7702047137703
7705326079015
8002270446542
7702189052797
7702109007418
2502439000005
7502211161905
7705890020949
4005900036711
7702045563733
7701018002071
7702045489842
7707195246475
7509546078793
3492390013277
7702020120302
7707246260566
7702420120902
8712000030605
7703616160887
7804300136444
7702425524828
7707313091062
7702006202886
7707195249735
7709087446444
7891150042599
7705890021014
7707176356155
7703812011075
7702004013675
7702175157260
7702191000885
8410310602702
7702177009123
7702059601834
7702417003447
7702014620504
7702025104741
8000350001186
7707268420108
2500662000007
7703616133027
7707184640062
3607343816373
7702535022856
20725013
7501086453931
7702085012079
2951617000007
7702129041522
8432286001563
7501035010109
7802175000273
7791540140297
7622210108395
7801222000211
7702129043038
7702007512557
7705326079084
7794450090089
7707289635055
7707313091314
7891008210064
7790520552006
7702045563320
7702097031310
77091925
7702433292122
7702175018028
7703616164106
7702026301217
7702914116626
3514123110180
7707279500066
7702028000361
7702025186440
7702025136001
7702026176907
7702573995501
7702001116560
7702047137628
7702109008361
7701101357187
7804330111107
4009175169730
7702870104118
7702010781117
7702196000088
7702044210744
7792756200331
7707269602169
7703616131634
7702700003147
7804315003854
7502214738913
8410441231000
7702626216164
7702193174003
7702090042887
7702025141029
3147697523904
37000740643
7702433322515
7702001046416
5010327904214
7702191162170
7798057480106
7702433292900
7707248320640
34000239290
7702090049572
7703133086417
7700579005439
7702166053052
7891010501105
804066020077
7702085014288
8023678162322
7703963206917
7702049001644
7702045557671
5060108450515
7707194530018
7702090025682
7702097069443
7807910024651
7702277144304
7703812000420
7702085012482
7705890020451
7702433322447
7709990350470
7702026175344
2500249000000
7804320411149
7707061720122
7705890030245
7702152018133
7702097055729
811538011372
7702189025319
7702377001408
7707066603574
7702010310096
7702532370912
7703147053696
7702129017756
7702047137543
7702085012123
7702313545331
7702993015469
7702129025294
7509546031828
7702535014622
7702310020633
7703812014182
8420197008177
7703616131627
7707248322408
7702098035539
7790314058806
7891150019423
3500610006821
7707248320053
42332862
7700512231338
8410702004558
7702129061056
7702037564601
8410023000390
7704872005417
7702247000494
7702277111450
7891037013629
7702617487375
7501008611135
20725273
5410471110774
7702001041725
7707203352341
70847004707
7702090037722
8411555060135
7702433299497
2502619000009
7702037502870
7702049101207
7702129074353
7896016604539
7702222000372
7702001121786
7703296000718
7703616091402
7804407000013
7702025113132
8437008383019
3514123105636
7702532312738
7702532894227
7703616076683
7709195759962
7591005998308
7702155048045
7702020040006
7702001113088
7702903209209
7702001114849
3607343817547
7702020040020
7702001133611
7702251018607
7701101230305
2500317000000
7702026320744
7503002163023
7702318200167
7702037873857
7702059602664
7702425805774
8410412028387
7701101356685
5010327405223
7702409007965
7702166004344
7798141877089
7702277183174
7707176353277
7702024008019
7804449104021
7702121214160
7702158805805
7705326018694
7702152002248
7701101280645
7707192730038
7703616080741
3270190126744
7702515000638
9002490100070
7702011083999
7702626201788
75031060
7702177007341
9002490222123
7702024064770
7702175104134
2997892000004
7702189011251
7702085013496
7702155038503
7709995000462
7806810800457
7702044236980
7702001062263
7702121444444
7702010911545
7702168117400
7702313549339
7707176356261
20315290
7702191161388
7702413000013
7702037859233
7702037873758
7702993025123
7702090020489
7707225411798
7702011016690
7703517852317
7707272490043
7702129047302
7702166004313
7703588000174
7702535006764
4008455425412
7702532110280
7506306210905
7703616076409
7501086454181
7804315003335
7703588001041
7702130612414
7702155014637
7702189046680
7702006299954
7702425805316
7794450008053
7591005992559
8410971031828
7622300124502
7702137421293
7702626214825
7702404001289
7702354939625
7702024045328
7702425804722
7703562102047
7501005102728
7702090039269
5760466738156
7703517852393
3262151059758
95188032400
7702559080726
7706591100817
8437010799396
7702515000010
9333527017246
7702014626810
8437003969737
7703616128764
7702137003574
7702622226143
7501032938215
7702001044122
7706667003011
7702166004184
75034238
7702993026618
7702434221008
31142000115
7707331406572
7707061730411
4002103248637
7702026175320
7702045563313
7709990683059
7709990901146
7707248320466
7701101246412
7702011048172
7702534100029
78600010
7705326079114
5411681037004
7808725400166
7702010611940
7702011001719
7702870052983
25293600898
4013197767027
2996170000002
7702037874236
7506105606084
7702010283147
7702425802896
7702377303137
7702006299145
7702432075030
7702277081258
7702026032630
7700872201163
7707172310007
7702026020606
7790520527172
7591005994324
7702001041855
7702129044455
7622210110251
7705890011541
7798159560126
7702377012695
8410406311006
7702020101691
7702152006406
7500435129947
20724979
7702298004915
7702914112512
7702433290364
7702020116077
7804305002041
7702433330688
7702175104226
7702014525113
8411135350250
7702109000303
7506309837253
25293001701
7501233711938
5000267014609
7707331403625
7702001055074
7702609001855
7702914114004
7702129047241
7702129019903
7312040017683
4037719065729
7702037800754
7506339394351
7702007056792
7707172301302
7702409011740
7702129061179
7802180068169
7702433314527
8410013999369
7702037851022
7705326081803
7702025118311
7703616164151
7702323128043
7702312200019
7702175111262
7702256011108
7700872401389
7702189026095
7702057081553
7751271015721
7702027042935
7702430941153
37000401520
34000110483
7702027429798
7702903402204
7702166034013
7702001100118
19161010902
7702277144908
38000846731
7702189052445
7702560035258
7707036000044
5010327907246
36600813719
7501032909864
7702515000041
8076809529419
7703812011402
7702477707682
7702177001783
7702047137727
2902480000007
7702312090030
7702001017348
7702020120296
7702001121625
7702166051577
80135463
40000422068
7702037800129
7804315000570
4005900036704
8437009934272
7702494300613
7702914114400
7702914266208
7702193424009
8801062267675
7790240090154
7804320253480
7702018913978
7702024014799
7702047137840
7702014703726
7702090020847
7702402050746
7707248323665
7703133071055
7707200710359
7702035833815
7702914554701
7702117008193
7702626202792
7702001062218
2502382000008
7702090041316
7702044236249
7793440000039
5010327025148
7702104010147
7707195241418
7891024183090
7702914551403
7702313544334
7702433330640
7702001012022
5000281005430
2503633000006
7702215305361
7705890021168
9333527334176
43194370443
2502620000005
7703296000565
7702433291958
7702137622928
7702129030243
7702035432339
7705326019295
7702045562705
7610400068505
7703386000680
7500435106382
5000299225028
7702121213125
7707061711212
3500610062711
2500459000005
7705326077837
7702626205427
7703616133447
7705326053268
7703147005084
7702417001047
42332886
7702085043066
8424487400092
7709990555196
7702117011339
7702085243480
7702010971471
7804315001980
7702113023718
7891010038953
7702903420208
2997896000000
7509546650616
7703296000039
2503121000006
7702026326012
4008455394411
7707194530209
7702515000850
7702166053243
7702272000032
7702210001282
7702433228121
7702277082842
85000011416
7706477683571
7702354943882
7790189041910
7591005994621
7702026202040
7702026310653
7702402051286
7702903001223
34000212101
7702277046257
2905203000001
7702010660306
3500610093708
7702535013830
7702024001362
7705326020918
9333527115485
7702354941277
7702113016529
7703616273327
8006030005925
8413472059117
7702045562729
7702001121762
7506306241152
7591005677807
7707255633825
7702417003331
7506306232976
7702024060192
7707313090768
7702377012305
5010327000039
3035130304107
7591005996373
7705890010476
720516010552
7702477112936
7702191161364
7702085013076
7804300139230
7702001115488
7702191658901
7705890010551
7702010311598
17500081255
7702020216197
7702011003812
7702535019818
2506386000002
7702746030312
7702191662687
7702049101078
7702129043335
7707773835725
7702024068839
7801300301049
7701101246276
7702149093518
7702020112161
7702433330701
8410225542216
51000000071
3090291389400
7702247011056
40000015024
7702014640250
7702137007701
7702310020596
7702206010861
7702177004234
7702007043976
7703616161860
7701101247167
7702191000908
7705326075178
7591005996939
7702010310010
7702247012428
7702433330725
7702037566643
7702044242141
7702404005041
7707316230260
7804350596243
7702191662663
2501077000002
8410013009761
7702166041097
7591005998544
7709700965840
7702090028584
7702001119820
7702247010752
7702354012755
7702037912259
3514123105650
7702129045780
7707066603833
7707254790253
7501032990039
7702007052251
7702045555813
7702215305514
7791293025919
7702277153177
7702004013514
7702001015658
7506309840581
7702024065920
7702137624663
7703616135823
7702129035880
79400052926
7705326020666
7500435126533
7702276001219
7702001041947
7707225601953
7702001050420
7702037871365
7702113025064
7702573992401
7702417002051
4000411016207
2502297000001
7703296000046
7804315000594
7709905548374
7709990883176
7591005980709
7509546061832
7707270368160
7702129045353
7702406090359
7702626205472
9333527066619
7702433328494
7702137622942
7509546065823
7703517852362
7702020119108
7702714600301
52100274621
7591005001657
7702914169004
7707194530605
80052760
7703616161839
7702129015455
7707773830577
7702166003453
7702037869676
7702622624031
7702037564618
7703616077017
7702174072878
7702402043236
7703296000473
7702031599036
7702420406211
7702047137468
5000396036152
7702732200477
7702001106325
8410376009408
7702129006460
7702430941023
7861002901855
7703517853796
7702037870863
7702037870320
7702025136438
7702277126010
7702766097906
7703616129570
8023678161288
7702006013024
7702090031942
7702026178925
7707270364339
7622210156228
7707195241579
3607343816991
7702037567978
7702004002877
7707226573013
2951611000003
7702140074493
7702870102152
7753442351034
7702026178901
7707038112530
7707248327755
7702088012021
7702044243803
7709791481137
7702129020589
7702024045304
7622210427199
7509546077796
7702007512458
7702104010406
7702001041756
7899026462632
7702001117017
29000072800
7702084137520
7702113023213
7702247010240
7702193149179
7702189019356
7702020011266
7891024136089
7506306205789
8437012008021
7702020112253
7707773830935
7702215305507
7702025140893
7610700626764
27578200250
7702137622829
7703616090818
7702277137252
7804315010012
7702298001259
7702167140089
7791293025537
7702413000228
7707304420512
7591005996403
7709990368031
650240004292
7702044210867
7705326076595
7702137005462
7702196000934
7702277066514
7702168141009
7705326079343
7702098038325
8004690051207
7804350596359
80432108703
7702006202923
7702152100845
7702057081027
7702354945800
8690570528404
7702044246842
2951618000006
7702477422653
7702323700201
7702007049398
7791540091889
7804300010744
8425545174153
7702152031941
2502092000008
7702354946302
7702492000768
7703517853017
7702020040075
7702059602831
7707289635017
7702020216036
7591005991989
7702090047080
7702570000314
7702090016482
7702011270610
7702098022669
7702059602312
7702215305439
7702001042753
7509552911473
7702090020939
7702020011037
7702014963953
7702113025231
7701101300084
7707316230529
7702560032004
7702129020350
7702001017317
7702011277084
7707313090119
7701101247273
7707313090133
7702191660010
2946809000002
40000514251
25293001244
7702011048158
7703147101052
7702433318525
7502211161882
7591066722027
7702090029994
7707773834384
7702914594936
7703517854991
7501056346188
7702024047131
7707269602763
7702626202785
7702010311628
7791250001543
7700872105232
7702175158656
7702045563344
7702020052351
7702037872485
7702433298742
7502211160786
7702433290517
7702090025699
7509546066189
7702098201774
9333527038210
7804320150611
7790240072150
7702433322508
381519181672
7702193505258
7704722000012
7702020052337
7701018062693
7702141003997
7703616164878
7806810015103
7790189000412
7891010014810
7703616273457
7702129075107
884394007377
7704872005424
3263286301323
7702433292801
7702129005159
7509546066776
7702037566988
7702191001240
7702025101306
7705326011770
7702140025747
7703616282800
7754487001663
7808725401392
7702027416453
7702014620412
37000982166
7500435020299
7709719930853
9006900202996
7702098032767
7701101356692
7702037871372
4005808829675
7702177020357
7702129061094
7591005996526
7804636053651
7702323128036
7702004003614
7702177020241
7702026170219
7703812010610
7707194532661
51135812327
7798104769093
7705326079510
7702433290777
7702001011308
80432400432
7702011083692
7702007036916
7702617487368
7702398026992
7791250001727
7702001101573
7702506112197
7702191000229
381519181504
7707773834346
7702129035279
7703562109862
7702020107136
7709474710943
7702276001288
8015822000260
7702746010253
7702025103744
9333527145048
7707185450028
7702129020756
7805025687570
7707084500053
7702037567985
7591005994645
7702417000460
7702152002262
7702166043084
7702433324595
7702276002551
7707331406527
7709440091380
2500239000003
7702420999997
7702026176914
7702413000266
7702354934293
7702766098118
7702914594851
7702010225123
7707066603697
7703963004216
4066600303336
7700604039194
7798074860240
7702047137741
7707773834117
7702129035293
7509546074009
7702402045889
7702175130805
7702298008029
7702044263283
79200912338
2996142000009
34000312450
5410316942775
8410441612007
7707203591870
7804320301174
75058821
20725303
7707248320046
7891150017337
7702313825334
7702129014168
7707294780030
7702398027623
7702323128425
7702137631845
7702433298551
7804300010638
7707211632152
7703616096384
7591005997134
7702001117536
7702870101643
7702191161401
7707365170548
7703517855516
7702189052766
7591005981201
7707061730435
7702026143411
7702914595292
7509546068558
7702113038552
7702047003138
7703616128740
7591005001046
7790520985569
7702433322546
7703616090719
7702354943332
8413178317511
8850367300013
7700872201019
7702191661307
37000330868
7705890010469
80480006341
7704872005400
7702001107742
7702011092991
7702433228800
7700512500069
7702402047111
7707365170555
7702024051350
7707361120066
7702024027577
7509546079080
7702310010207
7707200710656
8409730024928
7702011015914
7702538260330
4001518450017
614143491078
7702314114024
7702189011244
7702532313100
37000834656
7702166005051
7702129025201
7501017005765
7709183593905
7591005997141
7804315003892
7754487001656
7705326077592
7707203594925
21000653218
7610400010016
7702044242547
2502402000001
8004690087633
7591005997264
7702166004337
7798074862077
8410971031866
7750765002216
7702354941260
7702914115100
7702085003398
7707773834421
7702090022780
7705326091611
7702213060316
7702215305590
7702001047390
7702027440472
7702059601681
7702098035553
7702090047035
7702037873079
7702215305330
7702025117062
722008000317
7702024068778
7790520989116
7703111002866
606110287760
7791293032153
7700512233110
7702532370707
7702402046435
20196554
5000299611104
7702129060325
7702001133628
7707195932712
7702129045025
7702011083722
7703147503627
7702085003176
7702140023453
7709131458461
7705890040121
7791728001075
7702189045775
7702090039740
7702535023761
7591005993013
7707179880114
7702155015818
7702129047784
79400476692
7750526000161
7702433228794
2996131000003
7707365170531
7702700003123
7750526000031
7790189042832
4013197767010
7702433289849
7707179310024
7891150050563
7702277121497
7702570000680
2500641000004
7702010281327
7702404005287
7702189053848
8410869450038
7702011281180
665106040208
84279993638
7702298000818
7702177020333
7509546077512
7702129030236
7702007001303
7703616164137
7709817710845
3073780902366
20037147
7702020017831
7702433289719
7702166035010
7896451908759
8410869450014
7702573270127
7702097031327
7702129044325
7703616135809
7702097036643
7702010225147
7702025126996
7709990901139
7705326075581
7591005994638
7707358310562
7702085013069
7702313624333
7702247010141
8501110080446
7702020011310
40000464280
7702098013773
7705890021052
7702903421007
7702129019309
7703517853413
7702277060840
7702310021340
7702090039436
7707237070044
7707178441521
7702402050234
7702031685036
7702037800815
7702090031966
7702256010101
7703386000260
7702001044115
7791293036069
8410971030470
7702037800495
7506339337525
3492390013413
7861002901275
7702090043723
7701101244784
7702109012009
7702113038613
7707194530223
7702007038439
7705326079152
7702277126164
7702155044252
7702425803992
7702354005894
8420976010070
7702166005006
7702001044191
7790520984524
5244812
7702108205877
20037116
7707197527015
7705890090157
7703147190711
7703616079042
40144979
7702007228502
7702137003567
7702914222020
7702006299107
7702024075967
7703386000109
2502600000001
7804315001997
7702026179335
7702084700267
7702535023389
7702433298476
7708951575051
7509546063836
7702097058645
7702047001684
7707314340367
39978004628
9333527003003
7705890020468
7702177010440
7702047039106
7702026201920
7702024065197
7702044241731
7702026200213
7622210653246
7702377012442
7804350000382
7702090033601
7702177020258
7702277126140
7706477682864
7702047137765
7702007030143
7702014515015
7702011028884
7804320985633
7702129020206
7702044254441
7622210454676
7702001045556
7709990901115
7702191040843
7501024523788
7709357224369
7702001137930
7707313090775
7702024007463
7703616162874
7707178441149
7702085021538
7702044210881
7702011051936
7700708002315
7702434701548
7702001049875
7702020116060
7702116002376
7702044242059
7702506111961
7702014601916
7707361120196
7702354940799
7702026175009
7709538902789
7702409011498
7804320520001
7702609005488
7702409011153
7709990695656
7750243043960
7702622628008
7703562102030
7702298000993
7804300120986
78924468
7702377012411
7702277078951
7501086453030
7702532372114
7702559020630
3245414974227
7702433322676
7707363361375
7702098037083
7702433314183
7702409766206
7702137006070
4011800419004
7702152007038
7709990368000
7707335280819
8007880211009
7702175108064
77093189
7804321028667
7702177020166
7891010718381
7702045557688
7701101357248
7707203593157
7702032252251
7702903004972
7702310016087
7702177014035
7702129074100
7705326016485
7702425552197
7702277111733
7702417000200
7702047001516
7702532462563
7891051029828
7702370010025
7790036046327
7702404000046
7702277000990
7703616273372
7707289635031
7702044211055
7702037871891
7702298000207
7702433330541
7702189040237
7702298001105
7702090041729
7702006299176
7702137471281
7702402050173
7705326071330
7804636053668
7702010282874
7702006300421
7702001101481
7702044211703
7702026175061
7702085021194
7790975000190
7702433322461
7702298000283
7702097037121
7702433330565
7702018874729
7702026311155
7613035191792
7707206421457
7702059602183
7709990555110
7591005577626
7702014502985
7591005981928
7506306243286
7702129043175
7702006300452
7702535019764
7702367002613
7702113038385
7703616128726
7705890090188
7506306203846
7702001081103
9333527253682
4037719066009
8410412047333
76808002447
7702541000183
7707225600512
7702049000920
7754487001762
7707294780023
7707300530994
7702117006717
38527590117
7702914555708
7702037567930
7702129045735
7702044210751
8003535022778
7702020215978
7702010382079
7702001115204
3500610034589
7702090053852
7702047130322
7702439008147
7702011002181
2500333000008
2951613000001
7702011039293
7707238230133
7707178441033
7702044242523
7703616160900
7702025136988
7703812013703
9333527230621
7702001055494
7703517852768
7702889000692
7500435143486
7891150008953
8436011779284
8410376017342
7702001041718
7702044243797
7701018065823
7702535011799
7702532430937
7702020040105
7707248320176
8427926100782
7791250001697
75027513
7702047129913
7610400014649
7500435114783
7702027440946
7703616273433
3500610085338
7702277157489
7702323128050
7701101310021
7703562108056
7702001044160
7702570000079
2501622000006
7702158850423
7703133030212
7705326077844
7701101250204
7701101244807
7702402050180
7707254796187
7702044242219
7705326078940
7702433330633
7591005981935
7804449111005
7700872107410
80432400388
7702177020340
7506339395518
7702129073325
7702189040510
7702014501315
7754487001748
7702014626711
7702155029938
7707066603758
7706808011301
8410971140155
7702532313537
7610400068529
7702174061995
7702047005330
7509546063485
7702007055269
7502211161707
7702432472129
7702534200019
7702277112938
7591005996304
8076800195132
5011013100156
7702020212052
9333527113900
7702433289740
7702129073141
7702377002559
7703616276632
7804387001321
7702532371384
3012993046351
7702196000965
7899026462625
7502211161295
70942003322
650240035401
7804300120641
3035138005655
7702123008934
7702097059994
7506105606053
7702298000214
884394007353
7790580221904
7702420818182
7702129044301
7703616090825
7804315030027
7702044241748
7709953119656
7701101260852
7707326790037
7702014515114
3228021000145
2502418000002
7707183340109
884394008039
7701101357255
8410376040616
7509552914641
5000267165806
7707304420604
7702477422721
8411650053216
5000281051116
7702001134410
7707283790088
8888003090301
2502757000008
7702040127008
7702354030872
7702011065476
7705326079336
7702085013021
7702168213508
2500406000003
7702137628135
7702001019885
7701018007519
7702993029039
7702045556827
7702010130663
4014807202044
7702026174866
7750168001694
7702137007169
7702020212021
7702354941567
7702025100279
7700618020423
7702001044504
7594003620059
7702189053794
7702700002140
7702434080124
7702746030190
7702133006647
7707194530247
7703147073342
7702001050185
7702189045317
7702014627138
9333527190758
4008455394114
8414825336633
7702001025169
721059001311
7702210001206
7702001100125
7702090031065
2506667000004
7702137005455
7702807482050
8002793958379
