5411916120952
7706477682901
7701101260852
7703386000536
7794640172229
7702155049196
7790314055386
8002270226595
7702807482067
7702044242486
78600010
7702626216164
7702088142605
7702538260224
7702433289740
606110365192
85976034150
7707365170722
7707061741905
7702137624663
2500356000009
8410412028387
7707269602169
7702044242219
7702001100989
7700579054475
7702010921537
7702024008217
7709990901184
7702433321969
7702137006551
7501086453931
7703812009270
7702025136988
7702129042161
7702001041756
7804304104715
7899026462557
7702117011360
7702155044344
7702535010341
7794640172502
7802175000273
47677472297
7705287002626
40000514251
7703296000015
7702189045720
7705326071330
7709990143997
7701101246894
8410412025720
37000891291
5011885008567
7702354944797
7707248320640
7702570000062
7622210653246
7702210001039
7702175108385
695521103011
7701101250204
7702166004177
7594003620059
7702277046103
7707313090485
7501017006038
7703133081788
7702354929503
7702004009319
4013900971529
7702044263269
7705890020451
5011885010478
7707268420344
8712000033545
7702251043036
7702432010505
7891010654245
7702420405306
7707178441033
7702026201944
7703616090832
7702189011473
7702001042791
7705326073891
9333527060273
7804320301174
7702031599036
7707197521501
7501017006038
7702001103959
7707203351009
7702354929503
7899026462656
3514123110197
7702535011782
7709207754572
7702152101231
7702090050646
7702037901253
7705890011541
7702020212052
7702004013668
7509546079547
7702402050487
7702037567992
7702354944797
7709990901139
7702090037722
7702433281300
7702137624625
7804320253480
7709733953166
7703812010573
7702277144946
8437003969744
7705326020918
7709990375176
2506680000005
2502593000002
7702044242196
7891010010591
7896292300507
8410113003027
7702001072019
7702175108286
7622210744852
3211203444103
7707203590279
7591005994645
7709353683542
7591005994034
7610700612828
8412170011434
7702166057036
7702511000427
7701101250204
40000458708
7702377013340
7701018002019
7702007005592
7702700020700
7702433330664
3228022040201
7702011028884
2502742000006
25293600911
7703133070393
7702433291217
7702398001449
37000401520
8410342004901
8410702004541
7702377013098
7702417002884
7702377000500
7702766097937
7891010654221
50196364
7703517853796
7702189045393
8410342006721
7702137007619
7702433314527
7702272000018
7702026143343
4067700015419
7707304420659
7804300120641
7707269601919
7702314114024
7804315000280
7702010881466
7702177020128
7702420999997
7754487001670
7703616273327
7702433330718
7708924250909
7702137631814
2500317000000
7702137631845
2500315000002
7702037871907
7702417000392
7703588000174
7703296000480
7610400068529
2943829000005
7707279500066
7702251043050
7703348902878
9322214008988
7702433291903
7591005997035
7804407001768
7707066603772
7594003626624
7702037912723
7702085021194
7702117011339
46500716935
8410234201043
8002270446542
7706477201355
7702047038390
7891024115862
7702020111003
7703616166025
7702377012695
7702020120302
7702626385013
7702189051134
7702020052375
7804315012054
7703517853413
7804320064949
7703616273433
7702746069046
7702535014622
7702037859233
7702037912761
7622300722197
7702189049131
3500610034442
7702398028361
7709990901115
7702129061056
2500230000002
7702104010147
7702020113014
7702006299176
7700618020140
7702433327084
7501438326081
7702006299145
5437012008215
6007715018546
3500610006838
8420197008092
7702277037545
7702031988465
7702626104003
7707361120233
7591005004870
7798039590724
4014807202044
5997321750118
7891021002592
7702193850068
7702044259750
77093189
7703616273402
7702024064770
7590011151110
813805002298
7702026175320
7804300010676
7702001041749
7702010911545
7702085243022
7702433330633
7501056340124
7702113010787
7702313554630
7707358310449
7702626203898
7804449006288
7702166060005
7702090041729
7703386000994
7702026032302
40144979
7702037912952
4005808829675
7700604049704
7702166051560
7702109011958
7702914221702
7702433290876
7798090160065
7702535016220
7807910024651
7703147031281
7702044242158
7804414000167
7702766098064
7702129042178
7707203593157
7702037851022
7702277082545
7705326019295
7702090044539
7702914595292
7702010382024
7702011051684
7701018065779
7702026174767
7702626203652
47677472297
7804414004417
7702129044301
7701101356098
7702001029723
7702609005372
7701018004556
7702189019202
7709195759962
7702090044553
7702409010163
8436011779116
7702177019542
7702168114409
7705326082145
9333527145048
7802180002644
7899026462632
7702090029611
7502211160779
7702534200026
7703616292717
7702001100118
7702047137840
7703517852768
7702049101078
7702113038613
7702011272577
7702993026618
7622210427199
190679000187
7702085003428
7705326020437
7702024015345
5010327000312
7703812014182
7709086207794
7613035191792
76397030210
7702298004939
7709990901184
7506105606077
7703111002644
7702914595292
7707349635032
70491212824
7702129006460
7702433290067
7702001047178
7750765002247
4600682009450
7702433328593
7702535011706
8414219001000
7707269601292
2500249000000
700083726452
7702432470064
7702433290678
7702433320276
7891024316207
7509546076119
7703111002644
7702049000746
7702129044592
7702222000334
7702026032876
2951609000008
7702024046479
7702047137802
7702161002000
7702090041316
7707066603710
7702433292962
5010494561289
6007715018546
7702097055729
7703616282800
7707194530742
7701101244784
7707194530018
7702454000287
7804300011512
7794450088338
7703616133164
7702104018921
7702113023756
7891024064313
7702215305552
7701101261507
7702189030672
7702206010861
7506309840581
7707361120042
7702001043064
7798090160065
2500239000003
7702040027001
7509546074238
7891150043237
7702129044301
40000514206
7702001117543
7702433321969
2502552000005
11111124127
34000032426
7702367002613
8410441231000
7702020112055
7622210454676
7702037857048
7702914169004
7804300139247
7702010130632
8409730039632
7702014703726
7702425548466
7705326011770
7702272000063
7703616129020
7702001137930
7702420818182
7896451912619
4005900036704
7707248322408
2506682000003
7705890030306
7702354945398
7702090031928
7702425550469
7702137622928
7702559020630
8410702004558
7501008611135
7703296000343
7705326077844
7702085013052
7702129020305
93936730011
8712000030605
7591005981867
7705890000361
4005900036643
7702037873857
7702123009924
7707313091314
7509546063645
7703386000994
7703616164045
7501001165253
7707361120196
7702037564601
7702191000885
7702189045546
7702001046423
8410095008423
7702532630801
7702700002645
4008455394411
7702133461682
7702090044294
7702004002488
7702889005192
7896359022526
7702277063056
7702047137482
7702402048903
7702010611278
7702088142612
4037719066009
7702603071632
7703819335310
7702004110039
9333527066633
7702433324618
7750526000031
7702129044325
2503243000007
7891008118353
7702425804012
7704872004090
7613034258618
7702277121596
7591005996779
7804350596359
20247386
7707248320053
8437008383026
7622210156211
7709990368031
7702007055269
7702175108408
7702129044707
7707329920202
7622210874580
7702277125778
7707061741905
7702420405306
7707203591870
7791250001529
7702433314534
7804300139247
7700579054475
3270190126744
7707331406107
7702001047154
7702137007176
7702007030112
7591005980853
7702037873758
7591005001695
37000230335
7500435125000
7591005980754
7702011278043
7702370006110
8410783311156
7802180097275
7899026462656
2996134000000
4001518900000
7702001100057
7702090048247
7702047039083
7702045556629
7501058617439
7702193850068
7702045489842
7702037912785
8410379914969
2502602000009
7702189040565
3035131451107
7702433299008
7702425804722
7702117011339
2502427000000
7702532840187
7502211160175
8429077141010
8410441211002
7509552908701
7702402050081
7709817710821
7702037873062
8410376037784
7702010880797
7702027434068
8432286001563
7506306237315
7702037874243
7702001042722
7702025140916
7707036000785
7703616166537
7702434701517
7702113023206
8410406001235
7702714200013
7705326079060
4005800137679
7750765002216
7891150042599
7707195241579
7702001044122
20724955
7702277144953
20725129
7702085012079
7702626103167
7703133073509
7702004003492
7702425805798
7702026176884
7707194532661
7702433330749
7702007009873
7702552000141
7702047037935
7801300000706
5997321750118
7702425802865
8425545117624
7702298007961
7702085021194
7591675010508
7591005996403
7707773833721
7702573991763
7702425524828
7703147047176
7702010311468
40000458708
37000405603
7702047129913
7702020211017
7707773835718
7702026311179
7703364000046
7702011085443
7703133072533
7707240301685
7703616129617
7702434205107
7709377767068
8007880211009
7707316230710
7702129045780
7702097069481
80135906
7702020115100
7702057082178
7702433330626
7702129045315
7702570000635
7702535012086
7702535005910
2500242000007
7702903436001
8423352800173
7702026178734
7703517853017
7702626207865
190679000194
7702050018853
3263286301323
7798039590731
7702097051325
7702450022214
7702011090645
7790975000183
50196388
7702001041558
7610400067416
7702044231190
7707773834100
7702367002613
7804315003854
7702004013514
7702047039106
7702155016457
7703819335310
8410261151106
7591005577695
9006900013974
7702177008560
7707363363881
7702166043084
7702024015901
7702001107742
7709087446444
7702191162163
7591005005495
875754002316
7702515000836
7804315001980
7702011048158
7703296000039
7702433318501
7702024071594
7703111002460
8002270136559
7702404005270
7506306237100
7790762008453
7702090029826
3147697523904
7702011003140
7702097037565
7702097039774
9333527144881
7702766097951
7891150017337
7702354012427
7702609006508
7702001054107
7702007056303
7702312160016
7702177010266
7702037810050
2502441000000
7703616276632
8413178217576
7702193850006
2935034000000
7702014525113
7804315002406
7702049001514
7702020212021
7896016604799
7804313112411
7707195246451
7707061740632
7703517853734
7702175158823
7707195241418
610395953401
21000653218
7506306233324
7705326011770
7701101244807
7702450303962
7702191161326
7702323128012
7705929100017
7702152101231
7702129014052
7707226570012
7702014501315
7702129017107
7702993022870
7702085013021
80135692
7702037872485
8410376017342
7703517853086
7702192224051
7790520985576
7702714600219
7509546066196
7509552911473
7702425802896
7702014525113
7705326081513
7703616090825
7702714200013
7707211632152
20647230
7702001049905
7702993025130
8409730046944
7804636053682
7707237070037
8410376033649
7702037874229
7702085002346
7703616164885
7702037567930
4037719167072
7702001042708
7702189050137
7500435125932
7707331403632
7702215305378
7705326079688
4005808612703
7702432051508
7702113023213
7791728000108
7707192730076
7702090047042
7702870101643
7703616135809
7702433328531
7702085021576
7702090047097
7501032905002
7702277047315
7709791481106
7702425805798
7891010043575
7707233460139
7702001117017
7702425803992
3012993046313
8003535022778
7702084700250
7702011272706
7702049001507
7703386000109
7792319655547
7702189040534
7501032938215
7702433322676
7506195196984
7700708002315
7700872107410
7702084700267
7702626216997
7702001061402
7702084127217
7702001116577
8004690203002
7702109000310
7702024025016
7702085012390
7707312650383
7702090037739
7702477422677
7702177020012
7702175111248
7702570000680
7702425548466
7702044210843
7702085002360
7702149093532
82184090466
7501071901690
8437009934272
7702417000064
7707268420030
7705890020864
7702047136072
7703147009600
7702020216036
7702377002559
7702090020847
5000299611401
7702277079286
7702515000829
7702903001223
7702049101153
25293600898
7702433281058
7702121000220
7702433328456
7703616160894
7707300530994
2987148000001
7702166053366
7702870050064
7702434701548
7730927021309
7702477422646
7702433292870
6920354822223
7702045563344
7702088190194
7702045563283
7702175157673
7702617021418
7707194530599
8410412504096
7702090029857
7705890010551
8437008383026
7702047137642
7804305001099
7791293025537
7705326020215
7702024068624
7707773830614
7707061730435
7702166053212
7707203598640
7701101261088
4008455424019
7702059601445
7707172301319
7702113038613
7702011271389
7702196001269
7702168114102
722008000898
7702129073325
7702044210867
7702090029567
7703386000260
7702511002391
7891010014810
7702049101160
7702323128036
7702129041324
7702746030190
7702040031008
7706772100421
7702402045889
7703386000000
7702011001719
7702746066298
7791293022819
7702746010123
7702277144939
7702090029864
7702044242066
8023678162322
7707061730428
7702037810050
7702152101224
7702277145240
7702807482012
7702113023732
7702001048113
7702196600028
7703517853703
2997856000002
7702117008193
8410261151106
7804320064949
7702377303120
7702532312837
7702433305075
8411650053193
42000198
7701101356692
7703812014182
7707226572009
7702189039477
7702011242570
7703348902854
2500317000000
7701018065083
7707773834360
7701101261491
7702433299053
7591005995307
7702006299145
7702020212687
7702047016824
7702001041701
36600813719
7702129035859
7702049101207
7702354946111
7707245026057
7702024015345
7702044242271
70942018401
8423339924014
7622300134037
7702206010861
7702432007505
8023678161288
7702377012657
8412048912078
7702001115518
7702090025828
7702117160068
7702025126996
7702026178123
7702626213545
7702085013427
7702011017635
7702090044294
757956009013
7702090042795
7702417002051
34000002399
37000762836
7702047137840
7702001019885
7702137007640
7702532110280
7707178441149
7702001023523
7702007212501
7702044237666
7702310048118
7501009224020
7707322030663
7702001122028
764218608389
7790314056598
7895144293769
7702404005270
7702090033601
7702037870306
7700096000047
7702626204673
7702098007062
7701101310021
8414716230538
7702425802865
8410971033785
7591005996366
7707269600233
7701101357187
7702535006856
7702903421601
7702626202785
75925306247
7804315000587
7702152009193
7702020011037
7801300301049
7705326075581
7706482002985
7702174072045
7702001018154
5411686700118
7707178441408
75058821
7591005001657
7700618020171
7707269601292
7707313090140
7702166041097
7702129044707
7702626201993
7702433291927
7702152001036
7702049001514
7702011048042
2501043000005
7702098035577
7506105604431
7702010611940
7706477683564
2501661000005
7702045716535
8410971412009
7702506111961
2996131000003
7702044242059
7702354941260
7702014525113
7702108205877
7707313090867
7702433330480
7702037502870
7702004110251
7702626217543
7702090006407
7702097038807
17500081026
7702027444685
7702155021451
7702024025719
7506309840581
7707313090041
6938294650950
7702026144111
7501032990039
7702004007841
7703616128764
9006900202996
7702024068808
7702037567428
7702532312714
7702354939656
7804315101567
7703588000389
7804330321209
7702175111194
7702025118311
7702090027525
7702044243728
7702090050646
7700024000668
7791540044519
7702277120162
7702377006250
7702914266208
7702090039269
7707225600314
7702097037190
7702097032829
3500610034589
7591005992894
20725006
7702404006284
7702189045829
7702037869232
7703562102030
8410971031903
7506339394399
7702090033144
7702011283634
7702377012664
7702031882206
7702191349182
7707225602042
7702746030190
41789002915
7501032909864
7702090029819
7702007030143
7702626214801
7702166051560
7702310021340
7702402047005
7702049000517
7705326076960
3245414653146
7702323128029
42277064
7702001045075
7500435125949
7709990892321
7702044016520
7702323128043
7702404005270
7702001081103
7702714100078
7702109000310
7705890030283
7702433314527
7702121000220
7709817710869
7702914112512
7702298001259
5760466738156
7705326077837
7707194530742
3500610093708
7791540091889
841058004561
8809033594324
7702433299169
7703616162256
4037719065729
7702025186136
4891228530129
7706667006012
7702001100118
7804636053682
7501001165321
7705890010551
7702433328500
7702277125778
7702007032284
7702166034013
41015445
40000422068
2500225000000
7702166009240
7703616162867
7700604048561
7702432003002
7702177019313
7707289635055
7702001115495
7707773834100
7702044241700
7861078301931
7702189053107
9006900013981
7702024027577
7702354944902
75026608
7801222000228
7702024014829
5010327205199
7702477707682
7702020040266
7707313099952
2503196000000
7703616129556
7702044210751
7702247010240
7702354943868
7790520989109
7701018004556
7702167125147
7702477422615
2502313000008
7709972878886
7702433292795
7702432472129
7709474710967
7702535013830
7702097069443
7790762008453
7804300010638
7702251018607
7702010881510
7899026462625
7703616162249
5411916120679
7702433289580
37000817536
7798039590724
80432105528
7707194530544
7702535011256
7707361120035
7707203590262
8410111004460
7702215305460
7709990496857
7705326019295
20725136
7702409005763
7702010911651
7705326076588
7707362390079
7702129045353
7703616276625
7702007055269
7591005997226
7702189226150
42213277
7702231100018
4005900036759
7806810800310
5000281004020
2959274000002
7702090029567
7702247012411
7509546066509
7707061710512
20724948
7702404006031
7702059601315
7707195934129
7702090041903
7702129042161
7702024059653
7702129006460
7591005005495
7702433290838
7702277144953
7702020107136
7702914551007
7804320064925
7702215130215
7702167125147
7702433292788
8809033594324
7702020216180
7702045402445
3500610093708
7702088132057
5010327505213
7702024015901
70942003322
7790520989109
7702109011996
7702222000051
3500610034589
7702137622416
7702535013830
7702027429798
7702433327169
7791293037158
7702097031310
7702433298520
7702603070758
7707195249704
25293001244
7702277155171
7703386000826
7707203357063
7702402049665
7702004110244
7702434080018
7702603071083
34000003129
7509546074313
2502382000008
7702277125778
5000281021621
7703562107738
6938294650950
7702247010752
9002975307833
7709402261554
721059001311
7702312090030
7702129072250
7702026326432
7707316230253
7702477422905
8410412018708
7702001027576
7702026177904
7702001113026
7702409012648
7702914594936
9333527005113
7702020120326
7702044242165
7509546073828
7702098035539
7702277144304
7702129045353
7702010921599
7702889000746
41015490
7501006721119
4008455423913
38000846731
7702121214160
7702140071898
7702037800853
7703616090832
7702001115495
7702406091127
7702177009123
5000281004020
7591005997264
7709669992727
7798104769093
7702277121596
7702914158701
7804300136444
2502092000008
7705326076588
7702137624625
7702766097937
7702377001651
7702433290104
7704872001662
7702037800495
7705326090874
7702024047131
7702090033601
7702113018929
7702090026450
7702123008859
7791293036069
7702433330275
5411916120679
7702535010327
7702024046578
7791540090066
7702001042753
7709990368000
7702535019764
7702510937137
20725235
7707773834421
7701101356944
7707268420276
7702489000368
7702037567923
31142000115
9333527148896
7506309806075
8420197008085
7707195932811
7707248320343
4005808377534
7804320655246
7705326082145
7702020116060
7702175156812
7702193407187
7702535006856
7506195171912
813805002298
7702434080018
7702088165048
7702193100675
7703812009270
7702007512458
9333527043344
7702189011244
7701018065779
7702047137765
7702535019764
7702090030839
7702026143411
7702191000885
7702129072458
7702090033601
7702425806528
7702626205427
7707331403083
7791728021301
7702433292245
7702189051653
7700512231338
7891150043237
40000514510
7613035202337
7709357224369
7702026320096
7702377000500
7703616128726
7501032907280
7791250001543
7702370006110
7703616133010
7709690590688
7705326079336
7702001048113
7702011002181
8426322428933
7702090032789
7707363368145
7702433298766
7702417000064
7509552806403
7702433290364
7702026174767
7702037567916
7702626204697
7703147502422
7703616129617
7702027416743
7702035430090
665106040109
7709817710845
7707195249704
7702323128425
7501009224020
7702225000102
7702433330473
7702014640052
7702129072342
7702914221207
7702310048118
7702020017855
7702492000744
7502211160663
7702014597417
7702090025835
7702011271310
7703812004879
4009175169730
7702129044707
7702129041355
7702560032004
2905219000002
7506306237100
7506306203846
78084117
7703296000060
7501054526131
7804300136475
7707313090133
7702700000757
7702044210096
7702404005034
7702433330701
7701018003504
7804313112411
7702433298889
7702011015914
7591057001025
7702044210881
7702001115488
7702010631832
7702026175320
7703386000826
7702014632057
2503497000006
7707237070044
7798039590724
7891021002592
7702191162149
7591005001718
7702434103052
7702011070869
7702059601292
7702020119108
7702137631272
7707036000785
7702037871372
7702298000283
7702059402028
7702024068747
3035130018103
7702024045328
7702001029723
7702298001259
7702535022856
7707225601908
7703812003209
7702011084170
7707329920202
7702049000906
7707195246475
40000514510
7703252034092
7702515000034
7702001122028
7707331406527
20725273
7702090047035
7702090029994
51131973244
7703812010610
7702006300360
7702011001771
7702024045304
7709183593998
7702251043036
7702193174003
7702433290784
20196554
7702026202040
7622210427199
7703616166025
7501009224020
7702272000032
7702129019255
7702129075152
7707322030779
7702746040021
7702026320744
7702175141214
7750526000147
7702215305354
7709474710943
7702011070869
7702477112936
7591005577695
3500610085338
2502548000002
7707084500022
7702024059547
7702001049875
8718104901599
7709953119656
7702129020206
7702377303120
2500430000000
7702116002376
7702914594462
7702045557640
7702014500240
7702001042791
7622300986421
7702004110282
7702050031999
7707172310007
7702129073301
7702215305798
7700096000047
7703616128917
7702166041110
7707350120145
7702175111224
7702020011228
7703616166377
7702129072571
7702113038521
7705326075505
7702175157260
7702433304993
8004690051573
7702903001223
25293001244
2500247000002
7701101233085
7798081660437
7702129072823
7701018067018
7702026032425
7703588003151
7702001055494
7709353683542
7702001055074
8437008383026
7703616164861
7702084137520
7702420060604
7702559021132
7707269602169
7702108206942
7702215305828
7622210854209
7702766098064
7702090031942
7702090022766
75027551
7702277144298
8000350000585
7707283790088
7702807482081
4005686004157
7702210001206
7702277037545
7622210754288
4008455423913
7702746120013
31200261076
7702037873796
7701101247648
8076802085981
7891172432897
7509552888362
7705326090874
7702189109996
7702398027432
7804320985633
8002270021060
7591005997042
7509546650616
7702626217000
7702037851022
7898422746759
8410412047364
7702027429798
7702298001266
7702129030267
7702001011452
7502211161301
7702024053224
7509546079080
7707061711212
7702191663318
7702020112048
7798039590342
7707176356230
7702037871457
7802180088877
7702129020756
7702001116089
7501032900243
7702018874729
7704872004779
7702552300111
7702535016688
7702129005173
7702090042795
7702129010658
7702007042702
7702433304993
7702354939625
2502619000009
7702090027525
7702024004677
7804315000594
7707773834704
7702609005372
3035138005655
7709195759962
7707294780047
7703252034085
7702006299831
7701101310021
78600010
7702025141029
7702166041028
3607343816373
8409730017302
7702196901286
7791250001529
7802175000273
7591005996045
7701101280645
2987148000001
7703616273433
7702256011108
7702090022797
7702417001016
7703812009102
7702020101653
7700096000023
7702434214000
7702323128012
7702001100125
7702090044270
7792756010022
7702020215978
7702354026882
7702535011867
7702037871433
7702026032715
7702007038439
7704872001068
7702626166643
8690570528404
7702166004313
7702425807563
8432286003710
7702049101153
7702024040323
7702210001282
7709353683566
7702137636888
7500435122610
7702535017791
7705890050021
7702617487399
7702626214832
8436011779284
7702001086498
7702020101691
7702085021538
7702026020156
7707237070037
2906721000009
7702001017317
7702050018853
7709990026542
5010327755014
7702168114409
2502384000006
7702191161388
7707194530544
7702532720373
7703616164892
7702914115100
7591005996939
20724962
7509546064673
7702158806031
7703812012935
7702732100203
7702044210096
7705326076038
7707773835732
7702037871365
7707351430267
40000458708
20725464
7702506112227
7705890011183
7702049000517
7702535015353
7703616129501
7702210001282
7702129043168
7702152031941
7702085013427
7807910024637
7702312280011
7798159560133
7702433292832
7702354945800
7702573991671
7702090023008
7702189052445
7702026328719
7702168255102
7622300051839
7707313091314
7702535015902
7702137628135
7709990695670
7702434290059
606110287784
2502603000008
7702705022761
7501032910419
7591005006287
3012993046313
7707300280110
7702129045346
7707304420277
46500716935
7702049000906
7702433298520
7702037800716
8410412025720
7702113038422
7798104760328
7702129015455
7622210881342
78600027
7702129017756
17500081200
7702354946302
7707307963153
7794450088338
7705890090188
7702277442097
7702007049398
7798074862077
7702626216997
7706591100862
8437010799396
7702310048064
7702191161364
7591005005495
5010327405223
7702020112253
2997896000000
8411650053230
7707361120202
7703616129020
7702889000746
7707304420604
7794450091475
7702277000778
7509546074405
8410971031903
7702088190194
7702914165006
7702354939748
7701101356173
7702377012756
7791293022567
7702010282652
9333527043344
7702090049121
7702025141029
7702020107136
7702535006764
7509546063485
7702193407187
42277064
7730927021293
7702432002005
7702617487368
7703812004879
34000032426
7702174075343
7702129076616
7702277144908
7707322030755
7702193424009
7702117006717
20725228
7702011274649
7702298000993
7702001015658
7702010320293
7702433304986
7707362390079
7702116000303
7702189049131
7808725401392
7702001114047
7702191658239
7702020040013
7702766097906
7702168214000
8410376023831
7709538902789
25293001374
7702004007834
4000411016221
7891024115862
7798074860240
381519181504
7861002901695
17500081200
7702088012021
7702189050182
7702433289580
695521103011
190679000163
7702025131211
2500213000005
7702026175399
2500430000000
7707773835268
7702011063359
7702014702187
7702011270610
7861002901695
7702433291927
7702196000965
7702276001288
80432402931
7702001121762
7709990532432
7705890090164
7800005081225
8410412047357
7703517852317
7702377000135
7702193154005
7702993031292
7707179880107
7702155017423
7703348902885
7702024008118
7702534400013
7702044239493
7702277502302
42332862
7807910024651
7702354939625
7702025117062
7702001041923
7702177020463
70491212725
8003535022778
7702026178833
3514123105636
7702044241724
7791540140297
7702409009709
7702189052766
7707316360769
7702370006158
3012993046276
7702626168203
7707773830935
7801222000235
7702137007718
7707300280042
7707240301685
7702746030312
7705890040121
7501035013230
2503218000001
7702026333324
7702433328524
7804305002133
7804304104715
7702377001453
7702277060840
7702570000062
7702129020206
7891150017368
7702090029857
7702014626711
7707225600314
7703133030496
7702024025016
7702492000034
3245414653146
7702189042729
7709700965840
7702433289740
7702298000283
7702433328470
7702113038613
7702010881442
7709195759924
7702477422677
7706772100421
8410412047388
5411916120839
7702001050420
3607343817547
7703616166018
7702532430944
7702158806031
7709990251807
7702010382024
7703616127910
7709990570052
7702277121497
7702129043052
7707313090119
7707226572009
8002270015991
7791728021349
7509546076645
7703562107721
7702020115100
7702510937021
7702129025294
7702090022780
7703147005084
7702433290845
7707195932811
7804330003624
7707194539653
7792756200331
5410126006339
7709953119656
7702313624333
7707061741851
2502439000005
7702010382147
7706800923183
7702024075011
4013900976159
7702090025835
7702129045025
7707177136169
7702037871389
7610700626764
7804449103024
7702024040187
7702113006797
7702045562712
7702090029840
7702047137666
7506306241183
7702047038758
7506306213920
7702121444444
20037116
7702001042753
7702113023732
7703517852355
7804300010508
4011800043001
7790240072785
7702166037083
7709990073836
7702020107266
7702354930790
7702535022511
7703562107738
7702535015902
8015822000260
7702177003572
7702113038323
7702001041718
7703133070317
5010327000046
7501032900342
7509546077796
7702085048108
7804320561431
7706800466055
8432286003727
7702084700267
75031060
7591005001114
7703133071031
7509552806441
7702714600271
7790520552006
7702433324625
7702193701964
7705890090034
7702129005609
5010314048907
7702059601834
7702354939984
7506339394351
7702049100668
7702161002000
7702354932862
8410342005625
78084117
2500220000005
