7703616282787
7702535011799
7509546073828
7702532110280
7501032905002
7703386000260
7804300139247
7700872201163
7703963007002
7702024045304
7702277137252
7702001121755
7702006300490
7707185450035
7702001045204
7707362397672
7707225601953
7702006300476
7707225411798
7702277157489
7703616132471
7891172432897
80135692
4000411016238
7702001100736
7501032910419
7798074862091
7702098202146
7702001044122
7702001116577
7702993031865
7707322030472
7702090044270
8410406001235
7702098030695
3012993046351
7702010881480
7702011070869
8437003969744
7891150050563
7702001133628
7707304420604
7702047015735
7702050013339
7707179880732
781344031508
7702027444548
7702085013052
8425589204120
7705326020666
7707272490043
37000401520
7804350000382
7703562107721
8003535023218
7804315003885
7702044242066
7702155044498
7702011001764
7891010974336
813805002298
7709464191172
7702040031008
7702425806559
7702098026063
7702152002262
7702177020166
7703616129013
7702129061087
7702298004939
7790189001785
7702001121762
7702045557305
7702049101160
7804449000583
7506105606053
7804315000402
7702705022181
8410412020688
8410412047364
2500459000005
7702277157328
7705890090126
7622300134075
7702152102696
49331021094
7702024062547
7703386000000
7702010611940
7702037873949
7707194530995
7702622725011
7702047021934
7702129043175
7706477682901
20725136
7501056340117
7702175158656
7707225411811
7702276003350
7702010660276
76808002447
7702044242103
7702020011266
7591005996304
7701018004556
7702354931810
7702993029039
7702011272706
70942018401
7804320256900
7501005101424
7509546650623
7702097038807
79400301161
7804449114570
7707363368558
7702191161395
7707195249735
7791250001543
37000230687
7702010921599
8410869450038
7702090027938
7794450090089
7707203350118
7702535022535
7702433290784
4005808850839
7703348080088
7702001048076
7707192730038
7707270364339
20037116
7703616164113
7702026020163
7702020116060
2946807000004
7702626213606
7704872005530
7702090026757
7700468001405
52100274621
7703616162881
7702001011315
7702044243803
7702024194347
7702024008255
7702222000327
8436036187651
7707184640130
7702168214000
7701101300084
7506105604431
4066600060741
7702398027623
7702406000143
7705890090164
7702196900166
7703517852393
4008455459615
7891010501105
7802180088884
7702196000965
7702432010505
7790314056598
7804324003029
5010327907246
7702746040021
7707225600376
7509552916089
7702129044592
7709183593974
7702129043045
7702177019450
7702433292801
7702026032425
7702037871365
7702277145042
7705890021137
7702001082131
4008455394510
7702014597417
7801300301049
7702085013120
7506306237315
722008000317
7707773835725
7702020011037
7702377012442
7707246260382
7702746030169
4001518450017
190679000194
7790975020358
25293001701
9333527033024
7702191162163
7702025140916
7702622423559
7702117008193
7702026032951
7801222000228
7709291150090
7702026326012
7702090029567
7702028000361
7702037871358
7702024059653
7896451908759
7804315101567
7707273453092
7702277000990
7702193154005
7702097051325
7702014307573
7702626203478
7806810800457
7702166005051
7702129043359
7502214739026
7702535011867
7804449006288
7805025689000
7703812010139
7702477422622
7707279500172
7703386000581
7702402045230
7705326074454
7702010280276
7702044246842
7707179311304
7709817710869
7703386000680
7702004013675
7804330311101
7702425524828
7702007037166
8410376045024
8420342203013
7702191663318
7591005994645
7702045554298
7702090050646
7703386000024
7750526000031
7702108205877
14979510941
7702152009193
7501032907280
7804330321209
2997822000005
7791293025919
7702024869856
7707061710444
7702011076236
7702057085469
7707361120196
7702433298667
7705890010551
7702432005709
7702298000214
7706591102170
7509546052892
7702004003614
7702215305552
7702993031216
7702425804012
7702155042050
7707176356742
7702090047035
7702001023523
2959274000002
2500373000006
7702323128012
7702097036889
7793440000039
7702037873758
7707237070037
7703588000679
7707773834117
7702121000732
7702215305361
8004690203002
7509546076119
7707254790253
7702037873567
7702213060316
7702354943882
7702532313100
7702004110572
7702433228794
7702538260330
7702113023763
7707238230270
7702175108408
7790520985576
7702166060005
7702011083722
7702166004023
7702024007463
7791540091889
7702090020847
7702129045780
8425589104444
2502417000003
7702049000494
7791728018301
7702433322461
7702020120180
2500225000000
7702196901286
7702049000548
7702189053787
7702417003584
7707363361481
7702026175061
7707331400174
7703517852584
7707773835718
7707269601292
7702001045075
7702298000993
7705890020680
7702011278043
7709131458492
7707036000778
7702088142605
7702313825334
7702191348741
7702129042161
7702044236997
7702189046680
7703517852317
7702626211664
781344011012
7702404000039
7702085043066
7702025131884
7702626203645
7702215305514
7702014597707
7702045716535
7702044233002
7702277072416
7702010283147
7791293022819
7702026310653
3514123105636
7702377012305
857294000878
7702129041355
8410095008423
7702377303137
7707066603628
4005808377534
7622300134044
2500323000001
37000740643
7702433305112
7702914595292
7702617487375
7702166007512
75062613
7506105606091
7500435131414
7702001015658
7591005992573
7702035432117
7702044210072
7702189042361
7591005996731
7702035430090
9333527145048
7702377000142
7702129045766
7702088012021
7702312200019
7702354943820
7702001042753
7702097055712
7702037872225
7702215305651
51135812327
7702090041934
7702993025123
7500435106405
7591005003392
7790240072808
7702011271310
7754487001762
8003535026578
7702037869232
7702133862809
7804300136444
7702001049905
7702541000183
7702535015353
7702406091127
7707313091314
2500230000002
7702044204651
7707066603758
7702097037565
7702020111003
7702001010455
7702137631272
7702025141029
7702433298476
7702024046554
7702031918875
7703517854991
40000512776
8076802085981
7702129043717
7591005001114
7707365170555
7703616166384
7706808022109
7702010660252
7702889005192
7702253800002
7702044243728
7702024014799
7707211630912
7702137622928
2987148000001
7702001117277
7702432075344
2500215000003
7702133862793
7591005996762
7702031599036
7702626204703
7705326053329
4013197767010
7703963206917
75024956
7705326011770
7702140023453
84279993638
7702011023346
7702006299565
2503080000000
7622300758936
2502629000006
5411681038001
7707773830522
7707312650208
7701101357255
5010327405223
7702130612827
7702535007914
7702006300483
7702433298766
7700618020638
665106040208
2503196000000
7702090032048
70942003322
7702047039083
7501008611135
7702117006809
7702024071563
9333527253682
7702129044707
2951617000007
75034238
7702004013484
7702001100125
7702626205717
7509552836677
2502426000001
7591005997226
7702037851022
7622210801173
7591005981867
8410441211002
7702626216140
7702049001507
7702047039014
8410376037883
7702010881497
7707233460115
7707036000785
70942508407
7702129025157
7702132001346
7793253471705
7702010130632
7502211161714
7702191000908
7703517853413
7702032252251
7702622329127
7702477422660
7591083011098
7702433293105
7703616128771
7702090039733
9002490206666
7791728000108
7702090041606
20725174
7702044181600
7702037871341
7702425800847
7702535009987
7702090027884
7702031954507
7703616132518
7702420405306
7501032913199
7702085243022
25293600911
20725082
7703364000107
7613035191792
7702174072175
7702532430784
7707326790037
7709183593905
7702189226150
7702535018651
7702001050420
2502937000002
7707322030090
7702037567992
7702137624663
7790189001242
841058004738
7707248320800
7700516000022
7702001116980
7702001045310
7702189019202
7707225411859
7702137471281
7702047137468
8426322425208
7702137007619
7702001027576
7702047137680
7702177019542
7702026179335
7466762939010
7703616076478
2501576000008
7704872005547
7702001047178
7702137677164
3012993046276
7707313090812
7791728021301
7702085012062
3012993046313
7702090023893
8410702004541
8888003090301
4005686001095
7702047137765
7707203351368
7702129045346
7703296000343
7501035010208
7702189011275
7705326019301
7702037870863
7703147170096
7702121001098
7702213051512
7702027416453
7703616161846
7702175111262
7701101357200
7702769036216
7702377107001
7707238230164
7702020112048
7702014626926
7702020120326
7702004110251
7709990496857
8410013999369
7702477422677
7707194530605
7703616133874
7592707507010
7706642004835
7701018064000
7702001049882
2997856000002
7702196001269
852230003005
7707194530018
7702007056273
7707200719895
7707313090201
7705326073907
7703819335310
7798051950032
7702109011958
7702714600189
7707177136145
7798039590724
7702047037546
7703616164489
8585002432292
7791293025797
7702129014557
7702417000361
7703616127903
7702049000432
7707194530971
7709990251852
7707283720122
7702129042178
40000514251
5000281005034
7702109000389
7506306237902
7702158850423
190679000200
7702020112185
7707084500459
8413178317511
7703616273327
7702626388038
7702045555813
7702037564601
7702323128425
7702433290715
7703812000420
7702433328531
8410441612007
7506306244184
7702433330466
7707061741851
7702047137840
7702889000692
7702027041587
2905203000001
7797906001035
7702011092991
7750168000697
7702129075152
7702433305051
7707248322408
7702024045281
77010520
8427926100782
2946813000005
7702626201993
7702433292832
37000230328
7702166009042
7700579054475
7703305131143
7804315003335
7702313544334
7701101280645
7705890010469
7702085013427
7702090031065
7702059601445
7702377000098
7702014515015
7702037800754
7790240090154
7702001055074
7702175158823
7702001041749
7702310020633
7702001017348
7702354938345
7702425640788
7702007205503
51000000071
3211209117964
7702044242523
7702129073066
7702433290517
7702006300452
2906721000009
7702433299008
7702215305781
7702129045742
7703616282794
7702020017824
7702433322423
7702113023190
7891024115862
7702433321969
7702090042887
7700096000016
7702433289719
7702807482012
7707289635055
7702014601916
7709995000455
7791250001727
7502252481147
7702024064770
7702535011256
7703147031946
7707061741905
7702189046437
7702434030143
9333527060273
7804300010034
7702433298926
7702031685036
7702090020861
7707255633825
7702622423566
7702189040510
7702434701548
8712000030605
7705890011268
7702367002620
7702129045315
8023678162346
4003301007736
3500610034442
7702425802896
5000281055084
7702225000218
7702420210306
7705890021090
7790975000190
7702085012390
7702026144111
7702001072019
7502211160779
7702626169811
7702312555027
7702323128050
7702045489842
5010327505213
7702001055494
7702215305668
7700512500069
7709990080445
7702310048064
7707268420405
7702090020922
7702098007062
7702007205046
7707773833721
7791540126222
7702433330251
7702626103167
7702090029857
7705326070340
7702037800129
7702870052983
7702256012303
7702174061995
7501005117777
7702024053224
7702417003591
7707203357452
8437009934272
7702020117012
7702532372114
8412048952074
3500610062711
7702047005330
7702191161326
7702085021538
7702097032829
7591005994638
7591005980839
7702425548466
7702129073325
7701018003504
8007880228304
7702010880797
7703812007559
884394007674
7702312300108
7622210744609
7702045562699
7702129061094
37000208266
7703296000626
7702714200013
7702277080343
7702510937137
7702433305082
8409730017302
7707272490258
34000312450
7703616129129
7707268420160
8008698003688
7707331403083
7703517852768
7709990570052
7707329920202
7703133072571
7702090041910
7706477683212
7804350596243
7703296000565
7702626168203
7702193502257
7702914116565
7591112015059
8436011770519
7705929100017
5411681035000
7702175108385
3492390013260
7702129011044
7702090032789
7501032917951
7702511003695
7702004003492
7702168114003
7702129043335
7702129047302
7702535012079
7702006202886
7702191661291
7707363361542
7702045563290
7702098032767
7702603070758
7702032252428
7703517853796
7702011002181
7702129006149
7702149093518
7702006299176
7702097037152
7702193850068
7702011051684
7702889000104
25293001695
7702129045568
7702026311155
7702001041923
7794450088338
20725198
7702049000531
7707279500066
7703562108049
7622300683856
8424487500099
4005800137679
7702026311148
7702129020305
7702024040187
7707254790239
7702026301217
7791250001697
7702045557640
20725037
7702010130496
8410036002091
7509546074405
7804320746555
7702137005479
7707194534474
7707283790088
7702026177904
7862107783537
7702090033144
7702026310493
7798078236317
7703147503627
7709990901184
7702129020152
7702129061070
7702222000310
7702402052313
7707365170845
7703176003518
7804315030027
7705326079152
7709700965840
7706482002985
7702137631609
7702049101153
2502427000000
7703616162973
8412170013766
4011800801816
7702001106660
7702047137666
7702870104132
7702191000885
7702007055269
7707358310463
7702450522011
2502367000009
7703616135809
7702404006048
7702477422639
7707194530247
7500435125000
3500610093708
7804315001980
7702045563283
7622210863690
7702026326432
7702570000574
7509546074238
7591005994324
7702014620504
4005900036711
7703616077000
7703616093604
7702137636901
7702085021194
695521103011
7500435116718
7804315000587
7702277046097
7500435116091
7790189042894
7702097069443
7702014626810
7703616273457
7701101357262
7702129030267
7702193102051
7703812003209
744607002318
7702377005758
7794450008077
7702090029871
7702425523524
7702113035582
7702434204124
7702535017791
7709474710943
7501032905736
7709990080414
7702120010145
7702027041914
7702129020756
7702175130775
78084117
78600010
7702175104134
5410316942775
7790520552006
7591005998544
7702406090359
7702535010327
7705571141574
8003535030612
7702425543690
7622300986582
7790520527172
7702189053848
7501058714992
7702014502978
5010494563283
7702191001011
2501622000006
7506105606084
7798090160232
7707248327434
610395953401
7705890021465
8410412021463
7702215305682
7798074860325
7702215305576
7500435131193
7702532312790
8410406621006
7702045556667
7707307963153
4008455394015
7702137630206
8714800001793
7702155021451
7702024075363
7896359022540
7891150017368
7702037567428
7702247010752
7591005996045
7702700000757
40000514206
8414219001000
7702425805798
7702323128067
7702277155171
7702433330626
7703133070393
7702215130208
7702024063971
7806810800907
7702433290104
7702189017604
7702166004177
7702020052009
80432400388
7702354945800
7702225000195
7702090042818
7501008616130
7702903004972
7702425803992
7702085243480
7702130613046
2500302000008
7703562004167
7702129047241
7702189109996
5010327755014
7702298000283
4008455458618
8437008383583
7702310048118
7702532863155
7703616163451
7703616079042
7804320064925
7703616163260
7701101247327
7707066603604
7509546057415
7702097055729
7703616163444
7702006299848
7702425802735
7702001061402
7707361120066
884394007285
7703588000174
7709304189208
7702506112197
7702084700274
7702570000093
78600027
7702433290852
7702532110204
7702090029864
7702377001651
7709131458416
7702433330480
7702113018929
7702001062263
7702109000310
7702535010341
7702045556629
7702097068156
7702189052766
7707269602152
7701101247648
5760466761697
7702026177669
7591005981195
7702705022020
7705326020437
7703348902878
7702433330275
781344014242
77093189
9333527043344
7702026179366
78939448
7503002163023
7702433292788
7702532720373
7706772100421
2406806000004
7702085012093
7702277112938
8076800195033
8410783319831
7707331403939
8410013006142
7702277000778
7702011004451
9333527334176
7702354941727
4011800043001
7702434205107
7701101246276
7703147351747
7702155048052
7702213061313
7702024025016
7707248320077
7707331403625
7702001015603
7702626207865
7702231000028
7702251043036
3514123105643
7707248323658
7702090048810
7702189040534
7701101310021
677840500320
7707061720122
7702420060604
7702097036445
7591005993402
7709377767037
7702168240405
7702532720359
7707331404080
7702011070951
7707272490050
7591005577695
7702404005294
7702025186969
7702714600219
7702914595285
7791540140297
7702090042054
7702276002551
7702049001644
4037719167072
7702433289795
7702433318600
7702026178123
7702113023770
7702433322447
9002490238803
7702420406631
5437012008215
7702007524062
7702037873116
7701101356197
7791728001075
7702276001219
7591005002241
7702298001105
8410376037821
7702011021939
7702377013241
7702167140089
7705326076595
7751171550056
7702433324595
7702006299152
7702129041522
7702090017151
7702626204673
7702215305859
7891040112968
7703616164892
7702714600301
7702049101078
7703812000031
5000281021621
7705326020918
7506339323474
7790975191331
7702049000906
7702137003567
7702377013340
7804324001018
7702026208431
7707248320633
7702914222020
7702166007314
9002490100490
7709335802657
7753442351034
7702354936716
7702085003206
7702168118209
7702705022198
7702129043038
7702097036681
7702047038758
7702090048483
7702477422615
7702031900962
7622300134082
78939455
7702189035165
95188995002
9002975377348
7702044236225
7702001072026
7703517852362
7701101356869
7702277126140
7793126000674
7702454001970
7705890040435
7702006299107
7703616129549
7709905548374
7702398025650
7622210407757
4102430315504
4000539674501
7703296000015
7702001100026
7702011063359
7702434103052
7703562109862
7702175104059
7509546029139
7702626202785
7709990143997
7790240072785
7506309807850
7702085013076
7702433327107
7702024068808
4000411016207
3500610006821
7703616160894
7501008603017
7707773834094
7610400010016
7702534200019
7702090047097
7707334010141
7709377767068
7702409012273
7702746066342
7702026145903
7702430526633
7702006298902
7707248325010
7702277126010
9333527334121
4014807364025
7509546650401
7702001046522
7702001053841
7702090025835
7703616290621
7702027044014
7709990532463
7702168114409
7702402047111
7702129076616
7702191000540
7702298000207
7591005992566
7702420062028
7702001042746
7702059602664
7702007004540
5011013100156
7501032928650
7702433314237
7702152101224
7702027436253
25293600898
7591005980853
7804330111107
7702432016002
7702090047042
7702177009123
7702090006407
7709990350470
21000658978
7702433330305
7702609005396
7707184640017
7702141003997
7702037875554
7702090029819
42332930
7702031604181
7707225601922
7702277126133
7501024546190
7702215305583
7702323128043
7804340909039
7622300986179
7703812004237
7702433290753
7702166053342
7804340909510
7501086453931
2506611000005
7590011105106
8424487600188
7702413000228
7702515000836
7591005993419
7702024046479
7705326081827
7500435122610
7702026020606
7702090022711
7702433292818
7707061730428
7804324000141
7702192218050
7702914165006
7709402261554
7702001062591
7702191348734
7705890090157
7707362390093
7707329920134
7702024014911
2503388000009
7702433328593
7705890030283
7702006300421
7702417001306
7702037873987
7501035013230
7702354944193
5000299611401
8410412505024
7702007040432
7798141877058
7707178441408
7702001101467
4002103248651
7702001046409
7702433322454
7701101247310
7707211632152
4014807002651
7707195246475
7702047001516
7702014500448
7702535022856
7804387001024
7702010971822
7703518011850
7702700003130
7702450022016
7709440338034
7707248320053
7702031010630
7702085013021
7707322030144
7702433290678
7702272000025
7700512233110
7701101244784
7702191348338
5201409804687
7702193151097
7702168117004
7702189050168
7798039590731
7702001116102
7622300134037
7701101261491
7702166053311
7702377102624
715126900201
7702001121625
7702189028716
7705890011541
3245414974227
7702014501315
7707179310116
7702024017769
7702037871433
7702044211703
7702090048247
7804320253480
7591005992559
7702189052445
7702425802872
7702011022608
7702007002683
7702001018888
80432402795
7702155044320
7702129018258
7702433289887
7702045562729
75027537
7702049000517
20247386
7705929100024
7702129015646
8437012008113
7702007009873
7707248810387
7502214738913
7891024031384
7791293037141
7702425807648
7702007049398
7702011017635
80432402931
7702535005910
7702001086498
7707197527015
7707237070044
7705326079510
79400476692
8414825336633
7501049936945
7702109000334
7702166004160
7702477112936
8004400014416
7702001117536
7702026321475
7702018913664
8411650053230
7707335280031
7705890090188
7702113038552
8002793010213
7702404000060
7705326075161
3263286328993
7702515000010
7702433292825
7702532840187
12354071704
7702404005065
7705287002633
7707283722560
7702700002140
7703812009720
7707300280110
7702014620214
7702011091550
7701018005058
7754487001700
7702870104118
25293600904
7702026202040
7702215305699
8003535038175
8004690052846
7702189042347
7702189011244
7702024075752
7702532312820
7701018002125
7705326078940
7702007030143
7702011076298
7702433298889
7501057015427
7702001029747
7702137007176
7702158805850
7798081660406
7705929100116
8501110080248
7702020052016
7709990548181
7702037857048
7702085002346
7702011090980
9333527217660
7702088132057
7707270364193
7702433327091
2500241000008
7702090029581
7702454001536
3514123110180
4005900376459
7702532430937
37000982166
7702059601308
2500317000000
7591005980754
7702433292887
7509546063331
7702014640250
8007880310702
7702298000818
7702402050081
4011800801113
7622300222758
7702010311628
7702433318488
7702277037545
7702085012215
7702433330473
7707200710656
7709700965802
8410376036169
7791540091476
7702045562736
7702020112093
8409730046180
7804350596359
7591005995925
7702037871303
8409730024928
7700512230324
7702626104003
7702129015219
7702007045413
2503243000007
7702001100101
7702532430944
7509546076645
7702010921193
7707334010127
7702084550015
7702402050265
7702155049196
7701018062716
7702129043120
7702020113014
7702189019264
8410225542186
7707194534177
2500287000000
7702354939984
7702020052238
7506306210905
7702152106397
7702024004677
7707313091062
7703812013697
7702714100054
7702377001408
8022840750084
7702001122028
7702535019818
7703616090719
7702377012145
7702404006031
7702914169004
7702007036923
7707300280059
7702027426629
7702006150064
7702001100095
7702026333430
7702870101612
7804330005567
7891000257760
7790189042238
7709367544723
7702090044287
7703812012690
7702433290869
7591005994621
7808725401392
7702129074353
7702177020524
7707246260597
7702177010440
7702310021364
2503218000001
80432108703
7707084500022
7702215305484
7702137631845
7702001062218
7702433298445
7705326079015
7702044237666
8003535056612
7702354938000
7702889004812
7702277144939
8437003943195
7702617487498
7702354940096
7705326016485
7702535012086
7702057082178
7702166051218
7702398027432
7702044210683
7702417003447
7702001117543
7707238230171
7707363368145
37000396864
8410342004901
4005686004157
20725280
7622300051839
7702769037480
7702037874625
7700872107410
7707773830775
7702037800495
7702001112654
2502313000008
7702433094108
7702001012053
7702007036749
7701018062693
7701018065083
7506078947917
2502348000004
2427409000000
7702191660010
7591005981935
7703616276632
7506306205079
7702001116560
7702001041701
7705326073365
7730927020500
7702007512151
7702626211671
4009175169723
9333527334183
7702047094662
7804305001044
7702277066682
7895144293752
7702189045256
7707773830577
7702001040896
7707350120145
7502252481857
7702047137567
7702155029938
7700579156216
7702433314251
7702420406211
7702090026450
7804315010005
715126000116
7702312280011
8409730047248
7702434290059
7702433328494
7798057480106
7509552806489
7702377001507
7702085002360
7804300123093
7702001054121
5760466738149
7702090041729
40000514510
7703616128924
7804380002264
41015445
4005900036759
2500641000004
7705890030467
9333527017246
7702626203720
7703348902854
7702014639650
7501005102667
7702011020352
7702024071167
7791540090066
7509552801293
7703812009270
8410406821000
7702037873857
7702011021892
7702085014288
7702037869263
7501438301897
7591005006270
7703616282817
7702001048656
7703812009102
7702312090030
7702025136988
7707362390086
7702004110022
9333527379696
8410013009761
7702044237611
42277064
7891010043575
7702175156874
9333527038210
7798078230643
7702626216157
7701018065779
37000891291
7702018874729
3245990969402
7591005004870
7702020107266
7702433330688
7703616077123
7707304420079
7702617021449
90167249
7702166053373
7702025140534
7703616135816
5410471110774
7702560037573
7702535001646
7702433324625
7703616162607
2502347000005
7709990080490
7707206421457
7702532370912
2935034000000
7705326079688
7707066603734
7896016604539
7792319656131
7703176003501
7798159560157
7702402045919
7702084137858
7707184640055
7702037912952
7707194530223
3500610034589
7702001119813
7702037874236
7702084700243
7702914551403
7702024014829
7703517855455
7701101261088
2951609000008
7703296000107
7706667003011
2500239000003
7702044242240
7702001042708
7702323128036
7702044246828
7701101270349
7702059202024
7798159560133
7702155038503
7702433322508
7702037800853
9333527148896
7703517853086
7702402046411
7703812013703
7702532314305
7702425805354
7701018002071
7702014500240
7702189223968
7702040027001
2946823000002
7702129072342
7702168254402
7591005545038
7702031967132
7703562004181
7702746030312
7702769029591
7702420818182
7702191000014
7702090032567
37000834656
7709367544747
7709972878886
7702177020258
7702622629159
7702433330701
7707363367032
7702050031999
8410342004895
7703517855417
7701101245286
7702037800815
7804320985633
7702175111248
2502418000002
7591005005785
7891150017337
8410376024326
7891010952976
8410412021494
4067700015419
7702354944896
7702049000920
7707363363430
7702020112123
7707203357476
